---
program: perturbo

start date and time:
   date: 12 September 2023
   time: "22:15:41"

parallelization:
   type: OpenMP
   number of OpenMP threads:   4

input parameters:
   after conversion:
      band_max:                   6
      band_min:                   5
      boltz_de:           7.3498617648950546E-05
      boltz_efield:          [ 0.0000000000000000E+00,   0.0000000000000000E+00,   0.0000000000000000E+00,  ]
      boltz_emax:           5.0714046177775884E-01
      boltz_emin:           4.7039115295328354E-01
      boltz_init_dist:          
      boltz_init_e0:          -7.3491267787185654E+02
      boltz_init_smear:           1.4699723529790110E-03
      boltz_kdim:          [        40,          40,          40,  ]
      boltz_norm_dist:          False
      boltz_nstep:                  10
      boltz_qdim:          [        40,          40,          40,  ]
      calc_mode:          trans-ita
      cauchy_scale:           5.0000000745058060E-02
      debug:          False
      delta_smear:           7.3498617648950549E-04
      fklist:          
      fqlist:          
      ftemper:          si.temper
      full_ite:          True 
      hole:          False
      load_scatter_eph:          True 
      nsamples:              100000
      output_nstep:                   1
      phfreq_cutoff:           7.3498617648950546E-05
      polar_split:          
      prefix:          si
      sampling:          uniform
      solver:          rk4
      time_step:           2.0670686467503085E+01
      tmp_dir:          ./tmp/
      trans_thr:           2.0000000000000000E-03
      yaml_fname:          si_trans-ita.yml


basic data:
   alat:          10.2640000000
   alat units:       bohr
   # a vector is a row
   lattice vectors:
         - [  -0.50000,     0.00000,     0.50000,  ]
         - [   0.00000,     0.50000,     0.50000,  ]
         - [  -0.50000,     0.50000,     0.00000,  ]
   lattice vectors units:       alat
   reciprocal lattice vectors:
   # a vector is a row
         - [  -1.00000,    -1.00000,     1.00000,  ]
         - [   1.00000,     1.00000,     1.00000,  ]
         - [  -1.00000,     1.00000,    -1.00000,  ]
   reciprocal lattice vectors units:       2pi/alat
   number of atoms in unit cell:                2
   atomic positions:
   # a vector is a row
         - [   0.00000,     0.00000,     0.00000,  ]
         - [   0.25000,     0.25000,     0.25000,  ]
   atomic positions units:       alat
   volume:         270.3273199360
   volume units:       bohr^3
   number of symmetry operations:               48
   symop:
      1:
         - [    1,      0,      0,  ]
         - [    0,      1,      0,  ]
         - [    0,      0,      1,  ]
      2:
         - [    0,      1,      0,  ]
         - [    1,      0,      0,  ]
         - [   -1,     -1,     -1,  ]
      3:
         - [   -1,     -1,     -1,  ]
         - [    0,      0,      1,  ]
         - [    0,      1,      0,  ]
      4:
         - [    0,      0,      1,  ]
         - [   -1,     -1,     -1,  ]
         - [    1,      0,      0,  ]
      5:
         - [    0,     -1,      0,  ]
         - [   -1,      0,      0,  ]
         - [    0,      0,     -1,  ]
      6:
         - [   -1,      0,      0,  ]
         - [    0,     -1,      0,  ]
         - [    1,      1,      1,  ]
      7:
         - [    0,      0,     -1,  ]
         - [    1,      1,      1,  ]
         - [    0,     -1,      0,  ]
      8:
         - [    1,      1,      1,  ]
         - [    0,      0,     -1,  ]
         - [   -1,      0,      0,  ]
      9:
         - [   -1,      0,      0,  ]
         - [    0,      0,     -1,  ]
         - [    0,     -1,      0,  ]
      10:
         - [    1,      1,      1,  ]
         - [    0,     -1,      0,  ]
         - [    0,      0,     -1,  ]
      11:
         - [    0,     -1,      0,  ]
         - [    1,      1,      1,  ]
         - [   -1,      0,      0,  ]
      12:
         - [    0,      0,     -1,  ]
         - [   -1,      0,      0,  ]
         - [    1,      1,      1,  ]
      13:
         - [   -1,      0,      0,  ]
         - [    1,      1,      1,  ]
         - [    0,      0,     -1,  ]
      14:
         - [    0,      0,     -1,  ]
         - [    0,     -1,      0,  ]
         - [   -1,      0,      0,  ]
      15:
         - [    0,     -1,      0,  ]
         - [    0,      0,     -1,  ]
         - [    1,      1,      1,  ]
      16:
         - [    1,      1,      1,  ]
         - [   -1,      0,      0,  ]
         - [    0,     -1,      0,  ]
      17:
         - [   -1,     -1,     -1,  ]
         - [    0,      1,      0,  ]
         - [    1,      0,      0,  ]
      18:
         - [    0,      0,      1,  ]
         - [    1,      0,      0,  ]
         - [    0,      1,      0,  ]
      19:
         - [    1,      0,      0,  ]
         - [    0,      0,      1,  ]
         - [   -1,     -1,     -1,  ]
      20:
         - [    0,      1,      0,  ]
         - [   -1,     -1,     -1,  ]
         - [    0,      0,      1,  ]
      21:
         - [    0,      0,      1,  ]
         - [    0,      1,      0,  ]
         - [   -1,     -1,     -1,  ]
      22:
         - [   -1,     -1,     -1,  ]
         - [    1,      0,      0,  ]
         - [    0,      0,      1,  ]
      23:
         - [    0,      1,      0,  ]
         - [    0,      0,      1,  ]
         - [    1,      0,      0,  ]
      24:
         - [    1,      0,      0,  ]
         - [   -1,     -1,     -1,  ]
         - [    0,      1,      0,  ]
      25:
         - [   -1,      0,      0,  ]
         - [    0,     -1,      0,  ]
         - [    0,      0,     -1,  ]
      26:
         - [    0,     -1,      0,  ]
         - [   -1,      0,      0,  ]
         - [    1,      1,      1,  ]
      27:
         - [    1,      1,      1,  ]
         - [    0,      0,     -1,  ]
         - [    0,     -1,      0,  ]
      28:
         - [    0,      0,     -1,  ]
         - [    1,      1,      1,  ]
         - [   -1,      0,      0,  ]
      29:
         - [    0,      1,      0,  ]
         - [    1,      0,      0,  ]
         - [    0,      0,      1,  ]
      30:
         - [    1,      0,      0,  ]
         - [    0,      1,      0,  ]
         - [   -1,     -1,     -1,  ]
      31:
         - [    0,      0,      1,  ]
         - [   -1,     -1,     -1,  ]
         - [    0,      1,      0,  ]
      32:
         - [   -1,     -1,     -1,  ]
         - [    0,      0,      1,  ]
         - [    1,      0,      0,  ]
      33:
         - [    1,      0,      0,  ]
         - [    0,      0,      1,  ]
         - [    0,      1,      0,  ]
      34:
         - [   -1,     -1,     -1,  ]
         - [    0,      1,      0,  ]
         - [    0,      0,      1,  ]
      35:
         - [    0,      1,      0,  ]
         - [   -1,     -1,     -1,  ]
         - [    1,      0,      0,  ]
      36:
         - [    0,      0,      1,  ]
         - [    1,      0,      0,  ]
         - [   -1,     -1,     -1,  ]
      37:
         - [    1,      0,      0,  ]
         - [   -1,     -1,     -1,  ]
         - [    0,      0,      1,  ]
      38:
         - [    0,      0,      1,  ]
         - [    0,      1,      0,  ]
         - [    1,      0,      0,  ]
      39:
         - [    0,      1,      0,  ]
         - [    0,      0,      1,  ]
         - [   -1,     -1,     -1,  ]
      40:
         - [   -1,     -1,     -1,  ]
         - [    1,      0,      0,  ]
         - [    0,      1,      0,  ]
      41:
         - [    1,      1,      1,  ]
         - [    0,     -1,      0,  ]
         - [   -1,      0,      0,  ]
      42:
         - [    0,      0,     -1,  ]
         - [   -1,      0,      0,  ]
         - [    0,     -1,      0,  ]
      43:
         - [   -1,      0,      0,  ]
         - [    0,      0,     -1,  ]
         - [    1,      1,      1,  ]
      44:
         - [    0,     -1,      0,  ]
         - [    1,      1,      1,  ]
         - [    0,      0,     -1,  ]
      45:
         - [    0,      0,     -1,  ]
         - [    0,     -1,      0,  ]
         - [    1,      1,      1,  ]
      46:
         - [    1,      1,      1,  ]
         - [   -1,      0,      0,  ]
         - [    0,      0,     -1,  ]
      47:
         - [    0,     -1,      0,  ]
         - [    0,      0,     -1,  ]
         - [   -1,      0,      0,  ]
      48:
         - [   -1,      0,      0,  ]
         - [    1,      1,      1,  ]
         - [    0,     -1,      0,  ]
   kc dimensions:
         - [      8,        8,        8,  ]
   spinor:       False
   polar_alpha:           1.0000000000
   epsil:
   # a vector is a row
         - [     13.27028428,       -0.00000000,        0.00000000,  ]
         - [      0.00000000,       13.27028428,        0.00000000,  ]
         - [     -0.00000000,        0.00000000,       13.27028428,  ]
   qc dimensions:
         - [      8,        8,        8,  ]
   mass:
      -       25597.91154028
      -       25597.91154028
   mass units:       atomic
   zstar:
      1:
         - [   0.00000,     0.00000,    -0.00000,  ]
         - [   0.00000,     0.00000,    -0.00000,  ]
         - [   0.00000,    -0.00000,     0.00000,  ]
      2:
         - [  -0.00000,    -0.00000,     0.00000,  ]
         - [  -0.00000,    -0.00000,     0.00000,  ]
         - [  -0.00000,     0.00000,    -0.00000,  ]
   system_2d:       False
   number of Wannier functions:                8
   wannier_center:
   # a vector is a row
         - [   0.04037,     0.04037,     0.04037,  ]
         - [   0.04037,    -0.04037,    -0.04037,  ]
         - [  -0.04037,     0.04037,    -0.04037,  ]
         - [  -0.04037,    -0.04037,     0.04037,  ]
         - [   0.33432,     0.33432,     0.33432,  ]
         - [   0.33432,     0.16568,     0.16568,  ]
         - [   0.16568,     0.33432,     0.16568,  ]
         - [   0.16568,     0.16568,     0.33432,  ]
   wannier_center units: cartesian
   wannier_center_cryst:
   # a vector is a row
         - [  -0.04037,     0.12111,    -0.04037,  ]
         - [  -0.04037,    -0.04037,    -0.04037,  ]
         - [  -0.04037,    -0.04037,     0.12111,  ]
         - [   0.12111,    -0.04037,    -0.04037,  ]
         - [  -0.33432,     1.00296,    -0.33432,  ]
         - [  -0.33432,     0.66568,    -0.33432,  ]
         - [  -0.33432,     0.66568,     0.00296,  ]
         - [   0.00296,     0.66568,    -0.33432,  ]
   wannier_center_cryst units: crystal

grid:
   number of  tetrahedra selected:      11856
   number of reducible k-points:       2919
   number of irreducible k-points:         99


scatter parallelization:

   MPI task index:

      1:
         number of q-points:           19123
         number of (k,q) pairs:         2247693

trans:

   temperature units: K

   chemical potential units: eV

   concentration units: cm-3

   conductivity units: 1/Ohm/m

   mobility units: cm2/V/s

   Seebeck coefficient units: mV/K

   # Electronic contribution
   # Not well tested, use with caution
   thermal conductivity units: W/m/K

   # Configuration means one line in the temper file:
   # temperature efermi concentration
   number of configurations:   5

   configuration index:

      1:

         temperature: 150.00000

         chemical potential:   6.5504824219

         concentration:  0.6305833E+16

         conductivity:

            components:
               xx:   0.74230108E+03
               xy:   0.20465188E-02
               yy:   0.74234451E+03
               xz:  -0.24363327E-01
               yz:   0.83195586E-01
               zz:   0.74228739E+03
               yx:   0.20465188E-02
               zx:  -0.24363327E-01
               zy:   0.83195586E-01


            tensor:
               - [    0.74230108E+03,    0.20465188E-02,   -0.24363327E-01,  ]
               - [    0.20465188E-02,    0.74234451E+03,    0.83195586E-01,  ]
               - [   -0.24363327E-01,    0.83195586E-01,    0.74228739E+03,  ]

         mobility:

            components:
               xx:   0.73472876E+04
               xy:   0.20256420E-01
               yy:   0.73477175E+04
               xz:  -0.24114793E+00
               yz:   0.82346896E+00
               zz:   0.73471521E+04
               yx:   0.20256420E-01
               zx:  -0.24114793E+00
               zy:   0.82346896E+00


            tensor:
               - [    0.73472876E+04,    0.20256420E-01,   -0.24114793E+00,  ]
               - [    0.20256420E-01,    0.73477175E+04,    0.82346896E+00,  ]
               - [   -0.24114793E+00,    0.82346896E+00,    0.73471521E+04,  ]

         Seebeck coefficient:

            components:
               xx:  -0.82966778E+00
               xy:   0.16633219E-05
               yy:  -0.82966502E+00
               xz:  -0.44030786E-06
               yz:   0.39616203E-05
               zz:  -0.82967016E+00
               yx:   0.16633219E-05
               zx:  -0.44030786E-06
               zy:   0.39616203E-05


            tensor:
               - [   -0.82966778E+00,    0.16633219E-05,   -0.44030786E-06,  ]
               - [    0.16633219E-05,   -0.82966502E+00,    0.39616203E-05,  ]
               - [   -0.44030786E-06,    0.39616203E-05,   -0.82967016E+00,  ]

            # Thermal conductivity: not well tested, use with caution

         thermal conductivity:

            components:
               xx:   0.59232260E-03
               xy:   0.11793492E-08
               yy:   0.59228825E-03
               xz:  -0.40135643E-08
               yz:   0.18183902E-07
               zz:   0.59235573E-03
               yx:   0.11793492E-08
               zx:  -0.40135643E-08
               zy:   0.18183902E-07


            tensor:
               - [    0.59232260E-03,    0.11793492E-08,   -0.40135643E-08,  ]
               - [    0.11793492E-08,    0.59228825E-03,    0.18183902E-07,  ]
               - [   -0.40135643E-08,    0.18183902E-07,    0.59235573E-03,  ]

         number of iterations:   10

         iteration:

            1:

               conductivity:

                  components:
                     xx:   0.73323840E+03
                     xy:  -0.66686931E-02
                     yy:   0.73325107E+03
                     xz:  -0.17326027E-01
                     yz:   0.58858214E-01
                     zz:   0.73323081E+03
                     yx:  -0.66686931E-02
                     zx:  -0.17326027E-01
                     zy:   0.58858214E-01


                  tensor:
                     - [    0.73323840E+03,   -0.66686931E-02,   -0.17326027E-01,  ]
                     - [   -0.66686931E-02,    0.73325107E+03,    0.58858214E-01,  ]
                     - [   -0.17326027E-01,    0.58858214E-01,    0.73323081E+03,  ]

            2:

               conductivity:

                  components:
                     xx:   0.72218441E+03
                     xy:  -0.95829267E-02
                     yy:   0.72221717E+03
                     xz:  -0.23706872E-01
                     yz:   0.87755639E-01
                     zz:   0.72217464E+03
                     yx:  -0.95829267E-02
                     zx:  -0.23706872E-01
                     zy:   0.87755639E-01


                  tensor:
                     - [    0.72218441E+03,   -0.95829267E-02,   -0.23706872E-01,  ]
                     - [   -0.95829267E-02,    0.72221717E+03,    0.87755639E-01,  ]
                     - [   -0.23706872E-01,    0.87755639E-01,    0.72217464E+03,  ]

            3:

               conductivity:

                  components:
                     xx:   0.75078460E+03
                     xy:  -0.13634981E-02
                     yy:   0.75082475E+03
                     xz:  -0.23966957E-01
                     yz:   0.82986616E-01
                     zz:   0.75077055E+03
                     yx:  -0.13634981E-02
                     zx:  -0.23966957E-01
                     zy:   0.82986616E-01


                  tensor:
                     - [    0.75078460E+03,   -0.13634981E-02,   -0.23966957E-01,  ]
                     - [   -0.13634981E-02,    0.75082475E+03,    0.82986616E-01,  ]
                     - [   -0.23966957E-01,    0.82986616E-01,    0.75077055E+03,  ]

            4:

               conductivity:

                  components:
                     xx:   0.73699466E+03
                     xy:  -0.26549030E-02
                     yy:   0.73703741E+03
                     xz:  -0.24436972E-01
                     yz:   0.83411714E-01
                     zz:   0.73698122E+03
                     yx:  -0.26549030E-02
                     zx:  -0.24436972E-01
                     zy:   0.83411714E-01


                  tensor:
                     - [    0.73699466E+03,   -0.26549030E-02,   -0.24436972E-01,  ]
                     - [   -0.26549030E-02,    0.73703741E+03,    0.83411714E-01,  ]
                     - [   -0.24436972E-01,    0.83411714E-01,    0.73698122E+03,  ]

            5:

               conductivity:

                  components:
                     xx:   0.74554801E+03
                     xy:   0.45547092E-03
                     yy:   0.74559122E+03
                     xz:  -0.24219521E-01
                     yz:   0.83132214E-01
                     zz:   0.74553405E+03
                     yx:   0.45547092E-03
                     zx:  -0.24219521E-01
                     zy:   0.83132214E-01


                  tensor:
                     - [    0.74554801E+03,    0.45547092E-03,   -0.24219521E-01,  ]
                     - [    0.45547092E-03,    0.74559122E+03,    0.83132214E-01,  ]
                     - [   -0.24219521E-01,    0.83132214E-01,    0.74553405E+03,  ]

            6:

               conductivity:

                  components:
                     xx:   0.74054772E+03
                     xy:   0.10739876E-03
                     yy:   0.74059082E+03
                     xz:  -0.24426534E-01
                     yz:   0.83271876E-01
                     zz:   0.74053409E+03
                     yx:   0.10739876E-03
                     zx:  -0.24426534E-01
                     zy:   0.83271876E-01


                  tensor:
                     - [    0.74054772E+03,    0.10739876E-03,   -0.24426534E-01,  ]
                     - [    0.10739876E-03,    0.74059082E+03,    0.83271876E-01,  ]
                     - [   -0.24426534E-01,    0.83271876E-01,    0.74053409E+03,  ]

            7:

               conductivity:

                  components:
                     xx:   0.74389353E+03
                     xy:   0.15006348E-02
                     yy:   0.74393710E+03
                     xz:  -0.24308247E-01
                     yz:   0.83180836E-01
                     zz:   0.74387979E+03
                     yx:   0.15006348E-02
                     zx:  -0.24308247E-01
                     zy:   0.83180836E-01


                  tensor:
                     - [    0.74389353E+03,    0.15006348E-02,   -0.24308247E-01,  ]
                     - [    0.15006348E-02,    0.74393710E+03,    0.83180836E-01,  ]
                     - [   -0.24308247E-01,    0.83180836E-01,    0.74387979E+03,  ]

            8:

               conductivity:

                  components:
                     xx:   0.74178961E+03
                     xy:   0.13998959E-02
                     yy:   0.74183290E+03
                     xz:  -0.24386062E-01
                     yz:   0.83223557E-01
                     zz:   0.74177595E+03
                     yx:   0.13998959E-02
                     zx:  -0.24386062E-01
                     zy:   0.83223557E-01


                  tensor:
                     - [    0.74178961E+03,    0.13998959E-02,   -0.24386062E-01,  ]
                     - [    0.13998959E-02,    0.74183290E+03,    0.83223557E-01,  ]
                     - [   -0.24386062E-01,    0.83223557E-01,    0.74177595E+03,  ]

            9:

               conductivity:

                  components:
                     xx:   0.74328741E+03
                     xy:   0.20734532E-02
                     yy:   0.74333106E+03
                     xz:  -0.24338853E-01
                     yz:   0.83187783E-01
                     zz:   0.74327372E+03
                     yx:   0.20734532E-02
                     zx:  -0.24338853E-01
                     zy:   0.83187783E-01


                  tensor:
                     - [    0.74328741E+03,    0.20734532E-02,   -0.24338853E-01,  ]
                     - [    0.20734532E-02,    0.74333106E+03,    0.83187783E-01,  ]
                     - [   -0.24338853E-01,    0.83187783E-01,    0.74327372E+03,  ]

            10:

               conductivity:

                  components:
                     xx:   0.74230108E+03
                     xy:   0.20465188E-02
                     yy:   0.74234451E+03
                     xz:  -0.24363327E-01
                     yz:   0.83195586E-01
                     zz:   0.74228739E+03
                     yx:   0.20465188E-02
                     zx:  -0.24363327E-01
                     zy:   0.83195586E-01


                  tensor:
                     - [    0.74230108E+03,    0.20465188E-02,   -0.24363327E-01,  ]
                     - [    0.20465188E-02,    0.74234451E+03,    0.83195586E-01,  ]
                     - [   -0.24363327E-01,    0.83195586E-01,    0.74228739E+03,  ]

      2:

         temperature: 200.00000

         chemical potential:   6.5504824219

         concentration:  0.6094423E+17

         conductivity:

            components:
               xx:   0.40592475E+04
               xy:   0.64959288E-03
               yy:   0.40594272E+04
               xz:  -0.12357948E+00
               yz:   0.26371471E+00
               zz:   0.40592154E+04
               yx:   0.64959288E-03
               zx:  -0.12357948E+00
               zy:   0.26371471E+00


            tensor:
               - [    0.40592475E+04,    0.64959288E-03,   -0.12357948E+00,  ]
               - [    0.64959288E-03,    0.40594272E+04,    0.26371471E+00,  ]
               - [   -0.12357948E+00,    0.26371471E+00,    0.40592154E+04,  ]

         mobility:

            components:
               xx:   0.41572136E+04
               xy:   0.66527018E-03
               yy:   0.41573976E+04
               xz:  -0.12656195E+00
               yz:   0.27007921E+00
               zz:   0.41571807E+04
               yx:   0.66527018E-03
               zx:  -0.12656195E+00
               zy:   0.27007921E+00


            tensor:
               - [    0.41572136E+04,    0.66527018E-03,   -0.12656195E+00,  ]
               - [    0.66527018E-03,    0.41573976E+04,    0.27007921E+00,  ]
               - [   -0.12656195E+00,    0.27007921E+00,    0.41571807E+04,  ]

         Seebeck coefficient:

            components:
               xx:  -0.64486383E+00
               xy:   0.11316811E-05
               yy:  -0.64486006E+00
               xz:  -0.79772762E-06
               yz:   0.38114870E-05
               zz:  -0.64486756E+00
               yx:   0.11316811E-05
               zx:  -0.79772762E-06
               zy:   0.38114870E-05


            tensor:
               - [   -0.64486383E+00,    0.11316811E-05,   -0.79772762E-06,  ]
               - [    0.11316811E-05,   -0.64486006E+00,    0.38114870E-05,  ]
               - [   -0.79772762E-06,    0.38114870E-05,   -0.64486756E+00,  ]

            # Thermal conductivity: not well tested, use with caution

         thermal conductivity:

            components:
               xx:   0.49248653E-02
               xy:  -0.19835082E-08
               yy:   0.49243023E-02
               xz:  -0.16522676E-07
               yz:   0.17558625E-06
               zz:   0.49253564E-02
               yx:  -0.19835082E-08
               zx:  -0.16522676E-07
               zy:   0.17558625E-06


            tensor:
               - [    0.49248653E-02,   -0.19835082E-08,   -0.16522676E-07,  ]
               - [   -0.19835082E-08,    0.49243023E-02,    0.17558625E-06,  ]
               - [   -0.16522676E-07,    0.17558625E-06,    0.49253564E-02,  ]

         number of iterations:    8

         iteration:

            1:

               conductivity:

                  components:
                     xx:   0.39721904E+04
                     xy:  -0.54591243E-01
                     yy:   0.39722507E+04
                     xz:  -0.84333429E-01
                     yz:   0.16776200E+00
                     zz:   0.39721624E+04
                     yx:  -0.54591243E-01
                     zx:  -0.84333429E-01
                     zy:   0.16776200E+00


                  tensor:
                     - [    0.39721904E+04,   -0.54591243E-01,   -0.84333429E-01,  ]
                     - [   -0.54591243E-01,    0.39722507E+04,    0.16776200E+00,  ]
                     - [   -0.84333429E-01,    0.16776200E+00,    0.39721624E+04,  ]

            2:

               conductivity:

                  components:
                     xx:   0.39986248E+04
                     xy:  -0.52454235E-01
                     yy:   0.39987610E+04
                     xz:  -0.11906219E+00
                     yz:   0.28157911E+00
                     zz:   0.39986132E+04
                     yx:  -0.52454235E-01
                     zx:  -0.11906219E+00
                     zy:   0.28157911E+00


                  tensor:
                     - [    0.39986248E+04,   -0.52454235E-01,   -0.11906219E+00,  ]
                     - [   -0.52454235E-01,    0.39987610E+04,    0.28157911E+00,  ]
                     - [   -0.11906219E+00,    0.28157911E+00,    0.39986132E+04,  ]

            3:

               conductivity:

                  components:
                     xx:   0.40811261E+04
                     xy:  -0.18952040E-01
                     yy:   0.40812967E+04
                     xz:  -0.12301367E+00
                     yz:   0.26333032E+00
                     zz:   0.40810945E+04
                     yx:  -0.18952040E-01
                     zx:  -0.12301367E+00
                     zy:   0.26333032E+00


                  tensor:
                     - [    0.40811261E+04,   -0.18952040E-01,   -0.12301367E+00,  ]
                     - [   -0.18952040E-01,    0.40812967E+04,    0.26333032E+00,  ]
                     - [   -0.12301367E+00,    0.26333032E+00,    0.40810945E+04,  ]

            4:

               conductivity:

                  components:
                     xx:   0.40473918E+04
                     xy:  -0.18165557E-01
                     yy:   0.40475700E+04
                     xz:  -0.12389789E+00
                     yz:   0.26459576E+00
                     zz:   0.40473617E+04
                     yx:  -0.18165557E-01
                     zx:  -0.12389789E+00
                     zy:   0.26459576E+00


                  tensor:
                     - [    0.40473918E+04,   -0.18165557E-01,   -0.12389789E+00,  ]
                     - [   -0.18165557E-01,    0.40475700E+04,    0.26459576E+00,  ]
                     - [   -0.12389789E+00,    0.26459576E+00,    0.40473617E+04,  ]

            5:

               conductivity:

                  components:
                     xx:   0.40684620E+04
                     xy:  -0.69620929E-02
                     yy:   0.40686424E+04
                     xz:  -0.12352187E+00
                     yz:   0.26369659E+00
                     zz:   0.40684300E+04
                     yx:  -0.69620929E-02
                     zx:  -0.12352187E+00
                     zy:   0.26369659E+00


                  tensor:
                     - [    0.40684620E+04,   -0.69620929E-02,   -0.12352187E+00,  ]
                     - [   -0.69620929E-02,    0.40686424E+04,    0.26369659E+00,  ]
                     - [   -0.12352187E+00,    0.26369659E+00,    0.40684300E+04,  ]

            6:

               conductivity:

                  components:
                     xx:   0.40560849E+04
                     xy:  -0.53941771E-02
                     yy:   0.40562639E+04
                     xz:  -0.12371113E+00
                     yz:   0.26400024E+00
                     zz:   0.40560533E+04
                     yx:  -0.53941771E-02
                     zx:  -0.12371113E+00
                     zy:   0.26400024E+00


                  tensor:
                     - [    0.40560849E+04,   -0.53941771E-02,   -0.12371113E+00,  ]
                     - [   -0.53941771E-02,    0.40562639E+04,    0.26400024E+00,  ]
                     - [   -0.12371113E+00,    0.26400024E+00,    0.40560533E+04,  ]

            7:

               conductivity:

                  components:
                     xx:   0.40646479E+04
                     xy:  -0.38428348E-03
                     yy:   0.40648287E+04
                     xz:  -0.12358017E+00
                     yz:   0.26370018E+00
                     zz:   0.40646159E+04
                     yx:  -0.38428348E-03
                     zx:  -0.12358017E+00
                     zy:   0.26370018E+00


                  tensor:
                     - [    0.40646479E+04,   -0.38428348E-03,   -0.12358017E+00,  ]
                     - [   -0.38428348E-03,    0.40648287E+04,    0.26370018E+00,  ]
                     - [   -0.12358017E+00,    0.26370018E+00,    0.40646159E+04,  ]

            8:

               conductivity:

                  components:
                     xx:   0.40592475E+04
                     xy:   0.64959288E-03
                     yy:   0.40594272E+04
                     xz:  -0.12357948E+00
                     yz:   0.26371471E+00
                     zz:   0.40592154E+04
                     yx:   0.64959288E-03
                     zx:  -0.12357948E+00
                     zy:   0.26371471E+00


                  tensor:
                     - [    0.40592475E+04,    0.64959288E-03,   -0.12357948E+00,  ]
                     - [    0.64959288E-03,    0.40594272E+04,    0.26371471E+00,  ]
                     - [   -0.12357948E+00,    0.26371471E+00,    0.40592154E+04,  ]

      3:

         temperature: 250.00000

         chemical potential:   6.5504824219

         concentration:  0.2596833E+18

         conductivity:

            components:
               xx:   0.10731522E+05
               xy:  -0.24149434E-01
               yy:   0.10731841E+05
               xz:  -0.29528690E+00
               yz:   0.37266967E+00
               zz:   0.10731562E+05
               yx:  -0.24149434E-01
               zx:  -0.29528690E+00
               zy:   0.37266967E+00


            tensor:
               - [    0.10731522E+05,   -0.24149434E-01,   -0.29528690E+00,  ]
               - [   -0.24149434E-01,    0.10731841E+05,    0.37266967E+00,  ]
               - [   -0.29528690E+00,    0.37266967E+00,    0.10731562E+05,  ]

         mobility:

            components:
               xx:   0.25793283E+04
               xy:  -0.58043323E-02
               yy:   0.25794050E+04
               xz:  -0.70972400E-01
               yz:   0.89571400E-01
               zz:   0.25793379E+04
               yx:  -0.58043323E-02
               zx:  -0.70972400E-01
               zy:   0.89571400E-01


            tensor:
               - [    0.25793283E+04,   -0.58043323E-02,   -0.70972400E-01,  ]
               - [   -0.58043323E-02,    0.25794050E+04,    0.89571400E-01,  ]
               - [   -0.70972400E-01,    0.89571400E-01,    0.25793379E+04,  ]

         Seebeck coefficient:

            components:
               xx:  -0.53517831E+00
               xy:   0.77882729E-06
               yy:  -0.53517320E+00
               xz:  -0.10634130E-05
               yz:   0.29413627E-05
               zz:  -0.53518314E+00
               yx:   0.77882729E-06
               zx:  -0.10634130E-05
               zy:   0.29413627E-05


            tensor:
               - [   -0.53517831E+00,    0.77882729E-06,   -0.10634130E-05,  ]
               - [    0.77882729E-06,   -0.53517320E+00,    0.29413627E-05,  ]
               - [   -0.10634130E-05,    0.29413627E-05,   -0.53518314E+00,  ]

            # Thermal conductivity: not well tested, use with caution

         thermal conductivity:

            components:
               xx:   0.18199517E-01
               xy:  -0.39960808E-07
               yy:   0.18196915E-01
               xz:  -0.37576867E-07
               yz:   0.57940486E-06
               zz:   0.18201793E-01
               yx:  -0.39960808E-07
               zx:  -0.37576867E-07
               zy:   0.57940486E-06


            tensor:
               - [    0.18199517E-01,   -0.39960808E-07,   -0.37576867E-07,  ]
               - [   -0.39960808E-07,    0.18196915E-01,    0.57940486E-06,  ]
               - [   -0.37576867E-07,    0.57940486E-06,    0.18201793E-01,  ]

         number of iterations:    6

         iteration:

            1:

               conductivity:

                  components:
                     xx:   0.10495862E+05
                     xy:  -0.16322878E+00
                     yy:   0.10496001E+05
                     xz:  -0.19473996E+00
                     yz:   0.19054300E+00
                     zz:   0.10495811E+05
                     yx:  -0.16322878E+00
                     zx:  -0.19473996E+00
                     zy:   0.19054300E+00


                  tensor:
                     - [    0.10495862E+05,   -0.16322878E+00,   -0.19473996E+00,  ]
                     - [   -0.16322878E+00,    0.10496001E+05,    0.19054300E+00,  ]
                     - [   -0.19473996E+00,    0.19054300E+00,    0.10495811E+05,  ]

            2:

               conductivity:

                  components:
                     xx:   0.10624320E+05
                     xy:  -0.13287474E+00
                     yy:   0.10624546E+05
                     xz:  -0.28003558E+00
                     yz:   0.40827725E+00
                     zz:   0.10624406E+05
                     yx:  -0.13287474E+00
                     zx:  -0.28003558E+00
                     zy:   0.40827725E+00


                  tensor:
                     - [    0.10624320E+05,   -0.13287474E+00,   -0.28003558E+00,  ]
                     - [   -0.13287474E+00,    0.10624546E+05,    0.40827725E+00,  ]
                     - [   -0.28003558E+00,    0.40827725E+00,    0.10624406E+05,  ]

            3:

               conductivity:

                  components:
                     xx:   0.10772460E+05
                     xy:  -0.61155721E-01
                     yy:   0.10772771E+05
                     xz:  -0.29421812E+00
                     yz:   0.37202491E+00
                     zz:   0.10772496E+05
                     yx:  -0.61155721E-01
                     zx:  -0.29421812E+00
                     zy:   0.37202491E+00


                  tensor:
                     - [    0.10772460E+05,   -0.61155721E-01,   -0.29421812E+00,  ]
                     - [   -0.61155721E-01,    0.10772771E+05,    0.37202491E+00,  ]
                     - [   -0.29421812E+00,    0.37202491E+00,    0.10772496E+05,  ]

            4:

               conductivity:

                  components:
                     xx:   0.10716551E+05
                     xy:  -0.52255086E-01
                     yy:   0.10716869E+05
                     xz:  -0.29505069E+00
                     yz:   0.37412233E+00
                     zz:   0.10716594E+05
                     yx:  -0.52255086E-01
                     zx:  -0.29505069E+00
                     zy:   0.37412233E+00


                  tensor:
                     - [    0.10716551E+05,   -0.52255086E-01,   -0.29505069E+00,  ]
                     - [   -0.52255086E-01,    0.10716869E+05,    0.37412233E+00,  ]
                     - [   -0.29505069E+00,    0.37412233E+00,    0.10716594E+05,  ]

            5:

               conductivity:

                  components:
                     xx:   0.10751990E+05
                     xy:  -0.30060909E-01
                     yy:   0.10752312E+05
                     xz:  -0.29533151E+00
                     yz:   0.37241841E+00
                     zz:   0.10752029E+05
                     yx:  -0.30060909E-01
                     zx:  -0.29533151E+00
                     zy:   0.37241841E+00


                  tensor:
                     - [    0.10751990E+05,   -0.30060909E-01,   -0.29533151E+00,  ]
                     - [   -0.30060909E-01,    0.10752312E+05,    0.37241841E+00,  ]
                     - [   -0.29533151E+00,    0.37241841E+00,    0.10752029E+05,  ]

            6:

               conductivity:

                  components:
                     xx:   0.10731522E+05
                     xy:  -0.24149434E-01
                     yy:   0.10731841E+05
                     xz:  -0.29528690E+00
                     yz:   0.37266967E+00
                     zz:   0.10731562E+05
                     yx:  -0.24149434E-01
                     zx:  -0.29528690E+00
                     zy:   0.37266967E+00


                  tensor:
                     - [    0.10731522E+05,   -0.24149434E-01,   -0.29528690E+00,  ]
                     - [   -0.24149434E-01,    0.10731841E+05,    0.37266967E+00,  ]
                     - [   -0.29528690E+00,    0.37266967E+00,    0.10731562E+05,  ]

      4:

         temperature: 300.00000

         chemical potential:   6.5504824219

         concentration:  0.7229297E+18

         conductivity:

            components:
               xx:   0.19858154E+05
               xy:  -0.58609821E-01
               yy:   0.19858467E+05
               xz:  -0.48572369E+00
               yz:   0.30819954E+00
               zz:   0.19858457E+05
               yx:  -0.58609821E-01
               zx:  -0.48572369E+00
               zy:   0.30819954E+00


            tensor:
               - [    0.19858154E+05,   -0.58609821E-01,   -0.48572369E+00,  ]
               - [   -0.58609821E-01,    0.19858467E+05,    0.30819954E+00,  ]
               - [   -0.48572369E+00,    0.30819954E+00,    0.19858457E+05,  ]

         mobility:

            components:
               xx:   0.17144793E+04
               xy:  -0.50601542E-02
               yy:   0.17145063E+04
               xz:  -0.41935579E-01
               yz:   0.26608803E-01
               zz:   0.17145054E+04
               yx:  -0.50601542E-02
               zx:  -0.41935579E-01
               zy:   0.26608803E-01


            tensor:
               - [    0.17144793E+04,   -0.50601542E-02,   -0.41935579E-01,  ]
               - [   -0.50601542E-02,    0.17145063E+04,    0.26608803E-01,  ]
               - [   -0.41935579E-01,    0.26608803E-01,    0.17145054E+04,  ]

         Seebeck coefficient:

            components:
               xx:  -0.46307071E+00
               xy:   0.57954042E-06
               yy:  -0.46306451E+00
               xz:  -0.12301671E-05
               yz:   0.20393457E-05
               zz:  -0.46307639E+00
               yx:   0.57954042E-06
               zx:  -0.12301671E-05
               zy:   0.20393457E-05


            tensor:
               - [   -0.46307071E+00,    0.57954042E-06,   -0.12301671E-05,  ]
               - [    0.57954042E-06,   -0.46306451E+00,    0.20393457E-05,  ]
               - [   -0.12301671E-05,    0.20393457E-05,   -0.46307639E+00,  ]

            # Thermal conductivity: not well tested, use with caution

         thermal conductivity:

            components:
               xx:   0.44192670E-01
               xy:  -0.12465438E-06
               yy:   0.44186474E-01
               xz:  -0.10241801E-06
               yz:   0.11713332E-05
               zz:   0.44198298E-01
               yx:  -0.12465438E-06
               zx:  -0.10241801E-06
               zy:   0.11713332E-05


            tensor:
               - [    0.44192670E-01,   -0.12465438E-06,   -0.10241801E-06,  ]
