---
program: perturbo

start date and time:
   date: 13 September 2023
   time: "23:46:47"

parallelization:
   type: OpenMP
   number of OpenMP threads:   4

input parameters:
   after conversion:
      band_max:                   5
      band_min:                   5
      boltz_de:           7.3498617648950546E-05
      boltz_efield:          [ 0.0000000000000000E+00,   0.0000000000000000E+00,   0.0000000000000000E+00,  ]
      boltz_emax:           4.6046883957067519E-01
      boltz_emin:           4.1636966898130490E-01
      boltz_init_dist:          
      boltz_init_e0:          -7.3491267787185654E+02
      boltz_init_smear:           1.4699723529790110E-03
      boltz_kdim:          [       160,         160,         160,  ]
      boltz_norm_dist:          False
      boltz_nstep:                  50
      boltz_qdim:          [       160,         160,         160,  ]
      calc_mode:          trans-ita
      cauchy_scale:           5.0000000745058060E-02
      debug:          False
      delta_smear:           5.8798894119160437E-04
      fklist:          
      fqlist:          
      ftemper:          gaas.temper
      full_ite:          True 
      hole:          False
      load_scatter_eph:          False
      nsamples:              100000
      output_nstep:                   1
      phfreq_cutoff:           1.4699723529790109E-04
      polar_split:          
      prefix:          gaas
      sampling:          uniform
      solver:          rk4
      time_step:           2.0670686467503085E+01
      tmp_dir:          ./tmp/
      trans_thr:           2.0000000000000000E-03
      yaml_fname:          gaas_trans-ita.yml


basic data:
   alat:          10.5000000000
   alat units:       bohr
   # a vector is a row
   lattice vectors:
         - [  -0.50000,     0.00000,     0.50000,  ]
         - [   0.00000,     0.50000,     0.50000,  ]
         - [  -0.50000,     0.50000,     0.00000,  ]
   lattice vectors units:       alat
   reciprocal lattice vectors:
   # a vector is a row
         - [  -1.00000,    -1.00000,     1.00000,  ]
         - [   1.00000,     1.00000,     1.00000,  ]
         - [  -1.00000,     1.00000,    -1.00000,  ]
   reciprocal lattice vectors units:       2pi/alat
   number of atoms in unit cell:                2
   atomic positions:
   # a vector is a row
         - [   0.00000,     0.00000,     0.00000,  ]
         - [   0.25000,     0.25000,     0.25000,  ]
   atomic positions units:       alat
   volume:         289.4062500000
   volume units:       bohr^3
   number of symmetry operations:               24
   symop:
      1:
         - [    1,      0,      0,  ]
         - [    0,      1,      0,  ]
         - [    0,      0,      1,  ]
      2:
         - [    0,      1,      0,  ]
         - [    1,      0,      0,  ]
         - [   -1,     -1,     -1,  ]
      3:
         - [   -1,     -1,     -1,  ]
         - [    0,      0,      1,  ]
         - [    0,      1,      0,  ]
      4:
         - [    0,      0,      1,  ]
         - [   -1,     -1,     -1,  ]
         - [    1,      0,      0,  ]
      5:
         - [   -1,     -1,     -1,  ]
         - [    0,      1,      0,  ]
         - [    1,      0,      0,  ]
      6:
         - [    0,      0,      1,  ]
         - [    1,      0,      0,  ]
         - [    0,      1,      0,  ]
      7:
         - [    1,      0,      0,  ]
         - [    0,      0,      1,  ]
         - [   -1,     -1,     -1,  ]
      8:
         - [    0,      1,      0,  ]
         - [   -1,     -1,     -1,  ]
         - [    0,      0,      1,  ]
      9:
         - [    0,      0,      1,  ]
         - [    0,      1,      0,  ]
         - [   -1,     -1,     -1,  ]
      10:
         - [   -1,     -1,     -1,  ]
         - [    1,      0,      0,  ]
         - [    0,      0,      1,  ]
      11:
         - [    0,      1,      0,  ]
         - [    0,      0,      1,  ]
         - [    1,      0,      0,  ]
      12:
         - [    1,      0,      0,  ]
         - [   -1,     -1,     -1,  ]
         - [    0,      1,      0,  ]
      13:
         - [    0,      1,      0,  ]
         - [    1,      0,      0,  ]
         - [    0,      0,      1,  ]
      14:
         - [    1,      0,      0,  ]
         - [    0,      1,      0,  ]
         - [   -1,     -1,     -1,  ]
      15:
         - [    0,      0,      1,  ]
         - [   -1,     -1,     -1,  ]
         - [    0,      1,      0,  ]
      16:
         - [   -1,     -1,     -1,  ]
         - [    0,      0,      1,  ]
         - [    1,      0,      0,  ]
      17:
         - [    1,      0,      0,  ]
         - [    0,      0,      1,  ]
         - [    0,      1,      0,  ]
      18:
         - [   -1,     -1,     -1,  ]
         - [    0,      1,      0,  ]
         - [    0,      0,      1,  ]
      19:
         - [    0,      1,      0,  ]
         - [   -1,     -1,     -1,  ]
         - [    1,      0,      0,  ]
      20:
         - [    0,      0,      1,  ]
         - [    1,      0,      0,  ]
         - [   -1,     -1,     -1,  ]
      21:
         - [    1,      0,      0,  ]
         - [   -1,     -1,     -1,  ]
         - [    0,      0,      1,  ]
      22:
         - [    0,      0,      1,  ]
         - [    0,      1,      0,  ]
         - [    1,      0,      0,  ]
      23:
         - [    0,      1,      0,  ]
         - [    0,      0,      1,  ]
         - [   -1,     -1,     -1,  ]
      24:
         - [   -1,     -1,     -1,  ]
         - [    1,      0,      0,  ]
         - [    0,      1,      0,  ]
   kc dimensions:
         - [      8,        8,        8,  ]
   spinor:       False
   polar_alpha:           1.0000000000
   epsil:
   # a vector is a row
         - [     12.70934246,        0.00000000,       -0.00000000,  ]
         - [     -0.00000000,       12.70934246,       -0.00000000,  ]
         - [     -0.00000000,        0.00000000,       12.70934246,  ]
   qc dimensions:
         - [      8,        8,        8,  ]
   mass:
      -       63545.89256146
      -       68287.22550903
   mass units:       atomic
   zstar:
      1:
         - [   2.03077,     0.00000,    -0.00000,  ]
         - [   0.00000,     2.03077,     0.00000,  ]
         - [   0.00000,     0.00000,     2.03077,  ]
      2:
         - [  -2.03077,    -0.00000,     0.00000,  ]
         - [  -0.00000,    -2.03077,    -0.00000,  ]
         - [  -0.00000,    -0.00000,    -2.03077,  ]
   system_2d:       False
   number of Wannier functions:                8
   wannier_center:
   # a vector is a row
         - [   0.03850,     0.03850,     0.03850,  ]
         - [   0.03850,    -0.03850,    -0.03850,  ]
         - [  -0.03850,     0.03850,    -0.03850,  ]
         - [  -0.03850,    -0.03850,     0.03850,  ]
         - [   0.31834,     0.31834,     0.31834,  ]
         - [   0.31834,     0.18166,     0.18166,  ]
         - [   0.18166,     0.31834,     0.18166,  ]
         - [   0.18166,     0.18166,     0.31834,  ]
   wannier_center units: cartesian
   wannier_center_cryst:
   # a vector is a row
         - [  -0.03850,     0.11551,    -0.03850,  ]
         - [  -0.03850,    -0.03850,    -0.03850,  ]
         - [  -0.03850,    -0.03850,     0.11551,  ]
         - [   0.11551,    -0.03850,    -0.03850,  ]
         - [  -0.31834,     0.95502,    -0.31834,  ]
         - [  -0.31834,     0.68166,    -0.31834,  ]
         - [  -0.31834,     0.68166,    -0.04498,  ]
         - [  -0.04498,     0.68166,    -0.31834,  ]
   wannier_center_cryst units: crystal

grid:
   number of  tetrahedra selected:       4224
   number of reducible k-points:        941
   number of irreducible k-points:         69


scatter parallelization:

   MPI task index:

      1:
         number of q-points:            3403
         number of (k,q) pairs:          194874

trans:

   temperature units: K

   chemical potential units: eV

   concentration units: cm-3

   conductivity units: 1/Ohm/m

   mobility units: cm2/V/s

   Seebeck coefficient units: mV/K

   # Electronic contribution
   # Not well tested, use with caution
   thermal conductivity units: W/m/K

   # Configuration means one line in the temper file:
   # temperature efermi concentration
   number of configurations:   4

   configuration index:

      1:

         temperature: 250.00000

         chemical potential:   6.0519501953

         concentration:  0.9032073E+17

         conductivity:

            components:
               xx:   0.35485210E+05
               xy:   0.52883561E+01
               yy:   0.35485228E+05
               xz:   0.53263561E+01
               yz:   0.52765794E+01
               zz:   0.35485234E+05
               yx:   0.52883561E+01
               zx:   0.53263561E+01
               zy:   0.52765794E+01


            tensor:
               - [    0.35485210E+05,    0.52883561E+01,    0.53263561E+01,  ]
               - [    0.52883561E+01,    0.35485228E+05,    0.52765794E+01,  ]
               - [    0.53263561E+01,    0.52765794E+01,    0.35485234E+05,  ]

         mobility:

            components:
               xx:   0.24521631E+05
               xy:   0.36544554E+01
               yy:   0.24521643E+05
               xz:   0.36807148E+01
               yz:   0.36463172E+01
               zz:   0.24521648E+05
               yx:   0.36544554E+01
               zx:   0.36807148E+01
               zy:   0.36463172E+01


            tensor:
               - [    0.24521631E+05,    0.36544554E+01,    0.36807148E+01,  ]
               - [    0.36544554E+01,    0.24521643E+05,    0.36463172E+01,  ]
               - [    0.36807148E+01,    0.36463172E+01,    0.24521648E+05,  ]

         Seebeck coefficient:

            components:
               xx:  -0.26624568E+00
               xy:  -0.22084717E-04
               yy:  -0.26624576E+00
               xz:  -0.22107687E-04
               yz:  -0.22075008E-04
               zz:  -0.26624577E+00
               yx:  -0.22084717E-04
               zx:  -0.22107687E-04
               zy:  -0.22075008E-04


            tensor:
               - [   -0.26624568E+00,   -0.22084717E-04,   -0.22107687E-04,  ]
               - [   -0.22084717E-04,   -0.26624576E+00,   -0.22075008E-04,  ]
               - [   -0.22107687E-04,   -0.22075008E-04,   -0.26624577E+00,  ]

            # Thermal conductivity: not well tested, use with caution

         thermal conductivity:

            components:
               xx:   0.11646336E+00
               xy:   0.41974153E-04
               yy:   0.11646341E+00
               xz:   0.42065942E-04
               yz:   0.41897402E-04
               zz:   0.11646348E+00
               yx:   0.41974153E-04
               zx:   0.42065942E-04
               zy:   0.41897402E-04


            tensor:
               - [    0.11646336E+00,    0.41974153E-04,    0.42065942E-04,  ]
               - [    0.41974153E-04,    0.11646341E+00,    0.41897402E-04,  ]
               - [    0.42065942E-04,    0.41897402E-04,    0.11646348E+00,  ]

         number of iterations:    9

         iteration:

            1:

               conductivity:

                  components:
                     xx:   0.19104339E+05
                     xy:   0.48153128E+00
                     yy:   0.19104337E+05
                     xz:   0.48498206E+00
                     yz:   0.47476115E+00
                     zz:   0.19104340E+05
                     yx:   0.48153128E+00
                     zx:   0.48498206E+00
                     zy:   0.47476115E+00


                  tensor:
                     - [    0.19104339E+05,    0.48153128E+00,    0.48498206E+00,  ]
                     - [    0.48153128E+00,    0.19104337E+05,    0.47476115E+00,  ]
                     - [    0.48498206E+00,    0.47476115E+00,    0.19104340E+05,  ]

            2:

               conductivity:

                  components:
                     xx:   0.27379302E+05
                     xy:   0.16741340E+01
                     yy:   0.27379303E+05
                     xz:   0.16870924E+01
                     yz:   0.16656940E+01
                     zz:   0.27379307E+05
                     yx:   0.16741340E+01
                     zx:   0.16870924E+01
                     zy:   0.16656940E+01


                  tensor:
                     - [    0.27379302E+05,    0.16741340E+01,    0.16870924E+01,  ]
                     - [    0.16741340E+01,    0.27379303E+05,    0.16656940E+01,  ]
                     - [    0.16870924E+01,    0.16656940E+01,    0.27379307E+05,  ]

            3:

               conductivity:

                  components:
                     xx:   0.31528486E+05
                     xy:   0.28375802E+01
                     yy:   0.31528492E+05
                     xz:   0.28593934E+01
                     yz:   0.28277008E+01
                     zz:   0.31528497E+05
                     yx:   0.28375802E+01
                     zx:   0.28593934E+01
                     zy:   0.28277008E+01


                  tensor:
                     - [    0.31528486E+05,    0.28375802E+01,    0.28593934E+01,  ]
                     - [    0.28375802E+01,    0.31528492E+05,    0.28277008E+01,  ]
                     - [    0.28593934E+01,    0.28277008E+01,    0.31528497E+05,  ]

            4:

               conductivity:

                  components:
                     xx:   0.33531967E+05
                     xy:   0.37341971E+01
                     yy:   0.33531978E+05
                     xz:   0.37624742E+01
                     yz:   0.37236817E+01
                     zz:   0.33531983E+05
                     yx:   0.37341971E+01
                     zx:   0.37624742E+01
                     zy:   0.37236817E+01


                  tensor:
                     - [    0.33531967E+05,    0.37341971E+01,    0.37624742E+01,  ]
                     - [    0.37341971E+01,    0.33531978E+05,    0.37236817E+01,  ]
                     - [    0.37624742E+01,    0.37236817E+01,    0.33531983E+05,  ]

            5:

               conductivity:

                  components:
                     xx:   0.34541218E+05
                     xy:   0.43613117E+01
                     yy:   0.34541231E+05
                     xz:   0.43937718E+01
                     yz:   0.43502607E+01
                     zz:   0.34541237E+05
                     yx:   0.43613117E+01
                     zx:   0.43937718E+01
                     zy:   0.43502607E+01


                  tensor:
                     - [    0.34541218E+05,    0.43613117E+01,    0.43937718E+01,  ]
                     - [    0.43613117E+01,    0.34541231E+05,    0.43502607E+01,  ]
                     - [    0.43937718E+01,    0.43502607E+01,    0.34541237E+05,  ]

            6:

               conductivity:

                  components:
                     xx:   0.35040404E+05
                     xy:   0.47727503E+01
                     yy:   0.35040419E+05
                     xz:   0.48077965E+01
                     yz:   0.47613941E+01
                     zz:   0.35040425E+05
                     yx:   0.47727503E+01
                     zx:   0.48077965E+01
                     zy:   0.47613941E+01


                  tensor:
                     - [    0.35040404E+05,    0.47727503E+01,    0.48077965E+01,  ]
                     - [    0.47727503E+01,    0.35040419E+05,    0.47613941E+01,  ]
                     - [    0.48077965E+01,    0.47613941E+01,    0.35040425E+05,  ]

            7:

               conductivity:

                  components:
                     xx:   0.35293497E+05
                     xy:   0.50327171E+01
                     yy:   0.35293513E+05
                     xz:   0.50693028E+01
                     yz:   0.50211465E+01
                     zz:   0.35293519E+05
                     yx:   0.50327171E+01
                     zx:   0.50693028E+01
                     zy:   0.50211465E+01


                  tensor:
                     - [    0.35293497E+05,    0.50327171E+01,    0.50693028E+01,  ]
                     - [    0.50327171E+01,    0.35293513E+05,    0.50211465E+01,  ]
                     - [    0.50693028E+01,    0.50211465E+01,    0.35293519E+05,  ]

            8:

               conductivity:

                  components:
                     xx:   0.35420450E+05
                     xy:   0.51923041E+01
                     yy:   0.35420467E+05
                     xz:   0.52297881E+01
                     yz:   0.51806077E+01
                     zz:   0.35420473E+05
                     yx:   0.51923041E+01
                     zx:   0.52297881E+01
                     zy:   0.51806077E+01


                  tensor:
                     - [    0.35420450E+05,    0.51923041E+01,    0.52297881E+01,  ]
                     - [    0.51923041E+01,    0.35420467E+05,    0.51806077E+01,  ]
                     - [    0.52297881E+01,    0.51806077E+01,    0.35420473E+05,  ]

            9:

               conductivity:

                  components:
                     xx:   0.35485210E+05
                     xy:   0.52883561E+01
                     yy:   0.35485228E+05
                     xz:   0.53263561E+01
                     yz:   0.52765794E+01
                     zz:   0.35485234E+05
                     yx:   0.52883561E+01
                     zx:   0.53263561E+01
                     zy:   0.52765794E+01


                  tensor:
                     - [    0.35485210E+05,    0.52883561E+01,    0.53263561E+01,  ]
                     - [    0.52883561E+01,    0.35485228E+05,    0.52765794E+01,  ]
                     - [    0.53263561E+01,    0.52765794E+01,    0.35485234E+05,  ]

      2:

         temperature: 300.00000

         chemical potential:   6.0402119141

         concentration:  0.9072026E+17

         conductivity:

            components:
               xx:   0.26975562E+05
               xy:   0.59691712E+01
               yy:   0.26975581E+05
               xz:   0.60007795E+01
               yz:   0.59584579E+01
               zz:   0.26975588E+05
               yx:   0.59691712E+01
               zx:   0.60007795E+01
               zy:   0.59584579E+01


            tensor:
               - [    0.26975562E+05,    0.59691712E+01,    0.60007795E+01,  ]
               - [    0.59691712E+01,    0.26975581E+05,    0.59584579E+01,  ]
               - [    0.60007795E+01,    0.59584579E+01,    0.26975588E+05,  ]

         mobility:

            components:
               xx:   0.18559046E+05
               xy:   0.41067585E+01
               yy:   0.18559059E+05
               xz:   0.41285049E+01
               yz:   0.40993878E+01
               zz:   0.18559063E+05
               yx:   0.41067585E+01
               zx:   0.41285049E+01
               zy:   0.40993878E+01


            tensor:
               - [    0.18559046E+05,    0.41067585E+01,    0.41285049E+01,  ]
               - [    0.41067585E+01,    0.18559059E+05,    0.40993878E+01,  ]
               - [    0.41285049E+01,    0.40993878E+01,    0.18559063E+05,  ]

         Seebeck coefficient:

            components:
               xx:  -0.29858346E+00
               xy:  -0.28815068E-04
               yy:  -0.29858354E+00
               xz:  -0.28835397E-04
               yz:  -0.28789492E-04
               zz:  -0.29858357E+00
               yx:  -0.28815068E-04
               zx:  -0.28835397E-04
               zy:  -0.28789492E-04


            tensor:
               - [   -0.29858346E+00,   -0.28815068E-04,   -0.28835397E-04,  ]
               - [   -0.28815068E-04,   -0.29858354E+00,   -0.28789492E-04,  ]
               - [   -0.28835397E-04,   -0.28789492E-04,   -0.29858357E+00,  ]

            # Thermal conductivity: not well tested, use with caution

         thermal conductivity:

            components:
               xx:   0.10656659E+00
               xy:   0.44002663E-04
               yy:   0.10656665E+00
               xz:   0.44089892E-04
               yz:   0.43924912E-04
               zz:   0.10656675E+00
               yx:   0.44002663E-04
               zx:   0.44089892E-04
               zy:   0.43924912E-04


            tensor:
               - [    0.10656659E+00,    0.44002663E-04,    0.44089892E-04,  ]
               - [    0.44002663E-04,    0.10656665E+00,    0.43924912E-04,  ]
               - [    0.44089892E-04,    0.43924912E-04,    0.10656675E+00,  ]

         number of iterations:   10

         iteration:

            1:

               conductivity:

                  components:
                     xx:   0.13733951E+05
                     xy:   0.50534415E+00
                     yy:   0.13733950E+05
                     xz:   0.50804496E+00
                     yz:   0.50108152E+00
                     zz:   0.13733951E+05
                     yx:   0.50534415E+00
                     zx:   0.50804496E+00
                     zy:   0.50108152E+00


                  tensor:
                     - [    0.13733951E+05,    0.50534415E+00,    0.50804496E+00,  ]
                     - [    0.50534415E+00,    0.13733950E+05,    0.50108152E+00,  ]
                     - [    0.50804496E+00,    0.50108152E+00,    0.13733951E+05,  ]

            2:

               conductivity:

                  components:
                     xx:   0.20146302E+05
                     xy:   0.17719801E+01
                     yy:   0.20146305E+05
                     xz:   0.17822085E+01
                     yz:   0.17659749E+01
                     zz:   0.20146308E+05
                     yx:   0.17719801E+01
                     zx:   0.17822085E+01
                     zy:   0.17659749E+01


                  tensor:
                     - [    0.20146302E+05,    0.17719801E+01,    0.17822085E+01,  ]
                     - [    0.17719801E+01,    0.20146305E+05,    0.17659749E+01,  ]
                     - [    0.17822085E+01,    0.17659749E+01,    0.20146308E+05,  ]

            3:

               conductivity:

                  components:
                     xx:   0.23459476E+05
                     xy:   0.30173533E+01
                     yy:   0.23459483E+05
                     xz:   0.30346526E+01
                     yz:   0.30097492E+01
                     zz:   0.23459487E+05
                     yx:   0.30173533E+01
                     zx:   0.30346526E+01
                     zy:   0.30097492E+01


                  tensor:
                     - [    0.23459476E+05,    0.30173533E+01,    0.30346526E+01,  ]
                     - [    0.30173533E+01,    0.23459483E+05,    0.30097492E+01,  ]
                     - [    0.30346526E+01,    0.30097492E+01,    0.23459487E+05,  ]

            4:

               conductivity:

                  components:
                     xx:   0.25149243E+05
                     xy:   0.40126157E+01
                     yy:   0.25149254E+05
                     xz:   0.40352206E+01
                     yz:   0.40039903E+01
                     zz:   0.25149259E+05
                     yx:   0.40126157E+01
                     zx:   0.40352206E+01
                     zy:   0.40039903E+01


                  tensor:
                     - [    0.25149243E+05,    0.40126157E+01,    0.40352206E+01,  ]
                     - [    0.40126157E+01,    0.25149254E+05,    0.40039903E+01,  ]
                     - [    0.40352206E+01,    0.40039903E+01,    0.25149259E+05,  ]

            5:

               conductivity:

                  components:
                     xx:   0.26034573E+05
                     xy:   0.47327679E+01
                     yy:   0.26034587E+05
                     xz:   0.47589446E+01
                     yz:   0.47233557E+01
                     zz:   0.26034593E+05
                     yx:   0.47327679E+01
                     zx:   0.47589446E+01
                     zy:   0.47233557E+01


                  tensor:
                     - [    0.26034573E+05,    0.47327679E+01,    0.47589446E+01,  ]
                     - [    0.47327679E+01,    0.26034587E+05,    0.47233557E+01,  ]
                     - [    0.47589446E+01,    0.47233557E+01,    0.26034593E+05,  ]

            6:

               conductivity:

                  components:
                     xx:   0.26495911E+05
                     xy:   0.52250917E+01
                     yy:   0.26495927E+05
                     xz:   0.52535656E+01
                     yz:   0.52151689E+01
                     zz:   0.26495933E+05
                     yx:   0.52250917E+01
                     zx:   0.52535656E+01
                     zy:   0.52151689E+01


                  tensor:
                     - [    0.26495911E+05,    0.52250917E+01,    0.52535656E+01,  ]
                     - [    0.52250917E+01,    0.26495927E+05,    0.52151689E+01,  ]
                     - [    0.52535656E+01,    0.52151689E+01,    0.26495933E+05,  ]

            7:

               conductivity:

                  components:
                     xx:   0.26740411E+05
                     xy:   0.55491406E+01
                     yy:   0.26740428E+05
                     xz:   0.55790429E+01
                     yz:   0.55388707E+01
                     zz:   0.26740435E+05
                     yx:   0.55491406E+01
                     zx:   0.55790429E+01
                     zy:   0.55388707E+01


                  tensor:
                     - [    0.26740411E+05,    0.55491406E+01,    0.55790429E+01,  ]
                     - [    0.55491406E+01,    0.26740428E+05,    0.55388707E+01,  ]
                     - [    0.55790429E+01,    0.55388707E+01,    0.26740435E+05,  ]

            8:

               conductivity:

                  components:
                     xx:   0.26869597E+05
                     xy:   0.57571115E+01
                     yy:   0.26869615E+05
                     xz:   0.57878849E+01
                     yz:   0.57466233E+01
                     zz:   0.26869622E+05
                     yx:   0.57571115E+01
                     zx:   0.57878849E+01
                     zy:   0.57466233E+01


                  tensor:
                     - [    0.26869597E+05,    0.57571115E+01,    0.57878849E+01,  ]
                     - [    0.57571115E+01,    0.26869615E+05,    0.57466233E+01,  ]
                     - [    0.57878849E+01,    0.57466233E+01,    0.26869622E+05,  ]

            9:

               conductivity:

                  components:
                     xx:   0.26938690E+05
                     xy:   0.58879673E+01
                     yy:   0.26938709E+05
                     xz:   0.59192643E+01
                     yz:   0.58773396E+01
                     zz:   0.26938716E+05
                     yx:   0.58879673E+01
                     zx:   0.59192643E+01
                     zy:   0.58773396E+01


                  tensor:
                     - [    0.26938690E+05,    0.58879673E+01,    0.59192643E+01,  ]
                     - [    0.58879673E+01,    0.26938709E+05,    0.58773396E+01,  ]
                     - [    0.59192643E+01,    0.58773396E+01,    0.26938716E+05,  ]

            10:

               conductivity:

                  components:
                     xx:   0.26975562E+05
                     xy:   0.59691712E+01
                     yy:   0.26975581E+05
                     xz:   0.60007795E+01
                     yz:   0.59584579E+01
                     zz:   0.26975588E+05
                     yx:   0.59691712E+01
                     zx:   0.60007795E+01
                     zy:   0.59584579E+01


                  tensor:
                     - [    0.26975562E+05,    0.59691712E+01,    0.60007795E+01,  ]
                     - [    0.59691712E+01,    0.26975581E+05,    0.59584579E+01,  ]
                     - [    0.60007795E+01,    0.59584579E+01,    0.26975588E+05,  ]

      3:

         temperature: 350.00000

         chemical potential:   6.0272998047

         concentration:  0.9076240E+17

         conductivity:

            components:
               xx:   0.21676868E+05
               xy:   0.62823755E+01
               yy:   0.21676887E+05
               xz:   0.63089829E+01
               yz:   0.62718489E+01
               zz:   0.21676895E+05
               yx:   0.62823755E+01
               zx:   0.63089829E+01
               zy:   0.62718489E+01


            tensor:
               - [    0.21676868E+05,    0.62823755E+01,    0.63089829E+01,  ]
               - [    0.62823755E+01,    0.21676887E+05,    0.62718489E+01,  ]
               - [    0.63089829E+01,    0.62718489E+01,    0.21676895E+05,  ]

         mobility:

            components:
               xx:   0.14906648E+05
               xy:   0.43202347E+01
               yy:   0.14906660E+05
               xz:   0.43385319E+01
               yz:   0.43129958E+01
               zz:   0.14906666E+05
               yx:   0.43202347E+01
               zx:   0.43385319E+01
               zy:   0.43129958E+01


            tensor:
               - [    0.14906648E+05,    0.43202347E+01,    0.43385319E+01,  ]
               - [    0.43202347E+01,    0.14906660E+05,    0.43129958E+01,  ]
               - [    0.43385319E+01,    0.43129958E+01,    0.14906666E+05,  ]

         Seebeck coefficient:

            components:
               xx:  -0.32217430E+00
               xy:  -0.32275833E-04
               yy:  -0.32217437E+00
               xz:  -0.32289461E-04
               yz:  -0.32239912E-04
               zz:  -0.32217442E+00
               yx:  -0.32275833E-04
               zx:  -0.32289461E-04
               zy:  -0.32239912E-04


            tensor:
               - [   -0.32217430E+00,   -0.32275833E-04,   -0.32289461E-04,  ]
               - [   -0.32275833E-04,   -0.32217437E+00,   -0.32239912E-04,  ]
               - [   -0.32289461E-04,   -0.32239912E-04,   -0.32217442E+00,  ]

            # Thermal conductivity: not well tested, use with caution

         thermal conductivity:

            components:
               xx:   0.91931457E-01
               xy:   0.40381981E-04
               yy:   0.91931526E-01
               xz:   0.40455283E-04
               yz:   0.40311755E-04
               zz:   0.91931636E-01
               yx:   0.40381981E-04
               zx:   0.40455283E-04
               zy:   0.40311755E-04


            tensor:
               - [    0.91931457E-01,    0.40381981E-04,    0.40455283E-04,  ]
               - [    0.40381981E-04,    0.91931526E-01,    0.40311755E-04,  ]
               - [    0.40455283E-04,    0.40311755E-04,    0.91931636E-01,  ]

         number of iterations:   10

         iteration:

            1:

               conductivity:

                  components:
                     xx:   0.10571826E+05
                     xy:   0.50154755E+00
                     yy:   0.10571825E+05
                     xz:   0.50382831E+00
                     yz:   0.49851441E+00
                     zz:   0.10571826E+05
                     yx:   0.50154755E+00
                     zx:   0.50382831E+00
                     zy:   0.49851441E+00


                  tensor:
                     - [    0.10571826E+05,    0.50154755E+00,    0.50382831E+00,  ]
                     - [    0.50154755E+00,    0.10571825E+05,    0.49851441E+00,  ]
                     - [    0.50382831E+00,    0.49851441E+00,    0.10571826E+05,  ]

            2:

               conductivity:

                  components:
                     xx:   0.15760030E+05
                     xy:   0.17825572E+01
                     yy:   0.15760032E+05
                     xz:   0.17909127E+01
                     yz:   0.17776865E+01
                     zz:   0.15760035E+05
                     yx:   0.17825572E+01
                     zx:   0.17909127E+01
                     zy:   0.17776865E+01


                  tensor:
                     - [    0.15760030E+05,    0.17825572E+01,    0.17909127E+01,  ]
                     - [    0.17825572E+01,    0.15760032E+05,    0.17776865E+01,  ]
                     - [    0.17909127E+01,    0.17776865E+01,    0.15760035E+05,  ]

            3:

               conductivity:

                  components:
                     xx:   0.18520468E+05
                     xy:   0.30540454E+01
                     yy:   0.18520475E+05
                     xz:   0.30681801E+01
                     yz:   0.30474411E+01
                     zz:   0.18520479E+05
                     yx:   0.30540454E+01
                     zx:   0.30681801E+01
                     zy:   0.30474411E+01


                  tensor:
                     - [    0.18520468E+05,    0.30540454E+01,    0.30681801E+01,  ]
                     - [    0.30540454E+01,    0.18520475E+05,    0.30474411E+01,  ]
                     - [    0.30681801E+01,    0.30474411E+01,    0.18520479E+05,  ]

            4:

               conductivity:

                  components:
                     xx:   0.19983168E+05
                     xy:   0.40965402E+01
                     yy:   0.19983179E+05
                     xz:   0.41150960E+01
                     yz:   0.40886676E+01
                     zz:   0.19983184E+05
                     yx:   0.40965402E+01
                     zx:   0.41150960E+01
                     zy:   0.40886676E+01


                  tensor:
                     - [    0.19983168E+05,    0.40965402E+01,    0.41150960E+01,  ]
                     - [    0.40965402E+01,    0.19983179E+05,    0.40886676E+01,  ]
                     - [    0.41150960E+01,    0.40886676E+01,    0.19983184E+05,  ]

            5:

               conductivity:

                  components:
                     xx:   0.20774767E+05
                     xy:   0.48689178E+01
                     yy:   0.20774781E+05
                     xz:   0.48905448E+01
                     yz:   0.48600887E+01
                     zz:   0.20774787E+05
                     yx:   0.48689178E+01
                     zx:   0.48905448E+01
                     zy:   0.48600887E+01


                  tensor:
                     - [    0.20774767E+05,    0.48689178E+01,    0.48905448E+01,  ]
                     - [    0.48689178E+01,    0.20774781E+05,    0.48600887E+01,  ]
                     - [    0.48905448E+01,    0.48600887E+01,    0.20774787E+05,  ]

            6:

               conductivity:

                  components:
                     xx:   0.21202804E+05
                     xy:   0.54123129E+01
                     yy:   0.21202820E+05
                     xz:   0.54359717E+01
                     yz:   0.54028300E+01
                     zz:   0.21202827E+05
                     yx:   0.54123129E+01
                     zx:   0.54359717E+01
                     zy:   0.54028300E+01


                  tensor:
                     - [    0.21202804E+05,    0.54123129E+01,    0.54359717E+01,  ]
                     - [    0.54123129E+01,    0.21202820E+05,    0.54028300E+01,  ]
                     - [    0.54359717E+01,    0.54028300E+01,    0.21202827E+05,  ]

            7:

               conductivity:

                  components:
                     xx:   0.21437523E+05
                     xy:   0.57801169E+01
                     yy:   0.21437540E+05
                     xz:   0.58050805E+01
                     yz:   0.57701885E+01
                     zz:   0.21437547E+05
                     yx:   0.57801169E+01
                     zx:   0.58050805E+01
                     zy:   0.57701885E+01


                  tensor:
                     - [    0.21437523E+05,    0.57801169E+01,    0.58050805E+01,  ]
                     - [    0.57801169E+01,    0.21437540E+05,    0.57701885E+01,  ]
                     - [    0.58050805E+01,    0.57701885E+01,    0.21437547E+05,  ]

            8:

               conductivity:

                  components:
                     xx:   0.21566173E+05
                     xy:   0.60234963E+01
                     yy:   0.21566190E+05
                     xz:   0.60492807E+01
                     yz:   0.60132776E+01
                     zz:   0.21566198E+05
                     yx:   0.60234963E+01
                     zx:   0.60492807E+01
                     zy:   0.60132776E+01


                  tensor:
                     - [    0.21566173E+05,    0.60234963E+01,    0.60492807E+01,  ]
                     - [    0.60234963E+01,    0.21566190E+05,    0.60132776E+01,  ]
                     - [    0.60492807E+01,    0.60132776E+01,    0.21566198E+05,  ]

            9:

               conductivity:

                  components:
                     xx:   0.21637429E+05
                     xy:   0.61812993E+01
                     yy:   0.21637447E+05
                     xz:   0.62075935E+01
                     yz:   0.61708921E+01
                     zz:   0.21637455E+05
                     yx:   0.61812993E+01
                     zx:   0.62075935E+01
                     zy:   0.61708921E+01


                  tensor:
                     - [    0.21637429E+05,    0.61812993E+01,    0.62075935E+01,  ]
                     - [    0.61812993E+01,    0.21637447E+05,    0.61708921E+01,  ]
                     - [    0.62075935E+01,    0.61708921E+01,    0.21637455E+05,  ]

            10:

               conductivity:

                  components:
                     xx:   0.21676868E+05
                     xy:   0.62823755E+01
                     yy:   0.21676887E+05
                     xz:   0.63089829E+01
                     yz:   0.62718489E+01
                     zz:   0.21676895E+05
                     yx:   0.62823755E+01
                     zx:   0.63089829E+01
                     zy:   0.62718489E+01


                  tensor:
                     - [    0.21676868E+05,    0.62823755E+01,    0.63089829E+01,  ]
                     - [    0.62823755E+01,    0.21676887E+05,    0.62718489E+01,  ]
                     - [    0.63089829E+01,    0.62718489E+01,    0.21676895E+05,  ]

      4:

         temperature: 400.00000

         chemical potential:   6.0143876953

         concentration:  0.9299553E+17

         conductivity:

            components:
               xx:   0.18485682E+05
               xy:   0.65741788E+01
               yy:   0.18485701E+05
               xz:   0.65975467E+01
               yz:   0.65633874E+01
               zz:   0.18485710E+05
               yx:   0.65741788E+01
               zx:   0.65975467E+01
               zy:   0.65633874E+01


            tensor:
               - [    0.18485682E+05,    0.65741788E+01,    0.65975467E+01,  ]
               - [    0.65741788E+01,    0.18485701E+05,    0.65633874E+01,  ]
               - [    0.65975467E+01,    0.65633874E+01,    0.18485710E+05,  ]

         mobility:

            components:
               xx:   0.12406887E+05
               xy:   0.44123389E+01
               yy:   0.12406900E+05
               xz:   0.44280226E+01
               yz:   0.44050962E+01
               zz:   0.12406906E+05
               yx:   0.44123389E+01
               zx:   0.44280226E+01
               zy:   0.44050962E+01


            tensor:
               - [    0.12406887E+05,    0.44123389E+01,    0.44280226E+01,  ]
               - [    0.44123389E+01,    0.12406900E+05,    0.44050962E+01,  ]
               - [    0.44280226E+01,    0.44050962E+01,    0.12406906E+05,  ]

         Seebeck coefficient:

            components:
               xx:  -0.33693288E+00
               xy:  -0.33728380E-04
               yy:  -0.33693295E+00
               xz:  -0.33734944E-04
               yz:  -0.33686487E-04
               zz:  -0.33693302E+00
               yx:  -0.33728380E-04
               zx:  -0.33734944E-04
               zy:  -0.33686487E-04


            tensor:
               - [   -0.33693288E+00,   -0.33728380E-04,   -0.33734944E-04,  ]
