---
program: perturbo

start date and time:
   date: 12 September 2023
   time: "22:22:45"

parallelization:
   type: OpenMP
   number of OpenMP threads:   4

input parameters:
   after conversion:
      band_max:                   6
      band_min:                   5
      boltz_de:           7.3498617648950546E-05
      boltz_efield:          [ 0.0000000000000000E+00,   0.0000000000000000E+00,   0.0000000000000000E+00,  ]
      boltz_emax:           5.0714046177775884E-01
      boltz_emin:           4.7039115295328354E-01
      boltz_init_dist:          
      boltz_init_e0:          -7.3491267787185654E+02
      boltz_init_smear:           1.4699723529790110E-03
      boltz_kdim:          [        40,          40,          40,  ]
      boltz_norm_dist:          False
      boltz_nstep:                   0
      boltz_qdim:          [        40,          40,          40,  ]
      calc_mode:          trans-rta
      cauchy_scale:           5.0000000745058060E-02
      debug:          False
      delta_smear:           7.3498617648950549E-04
      fklist:          
      fqlist:          
      ftemper:          si.temper
      full_ite:          True 
      hole:          False
      load_scatter_eph:          False
      nsamples:              100000
      output_nstep:                   1
      phfreq_cutoff:           7.3498617648950546E-05
      polar_split:          
      prefix:          si
      sampling:          uniform
      solver:          rk4
      time_step:           2.0670686467503085E+01
      tmp_dir:          ./
      trans_thr:           2.0000000000000000E-03
      yaml_fname:          si_trans-rta.yml


basic data:
   alat:          10.2640000000
   alat units:       bohr
   # a vector is a row
   lattice vectors:
         - [  -0.50000,     0.00000,     0.50000,  ]
         - [   0.00000,     0.50000,     0.50000,  ]
         - [  -0.50000,     0.50000,     0.00000,  ]
   lattice vectors units:       alat
   reciprocal lattice vectors:
   # a vector is a row
         - [  -1.00000,    -1.00000,     1.00000,  ]
         - [   1.00000,     1.00000,     1.00000,  ]
         - [  -1.00000,     1.00000,    -1.00000,  ]
   reciprocal lattice vectors units:       2pi/alat
   number of atoms in unit cell:                2
   atomic positions:
   # a vector is a row
         - [   0.00000,     0.00000,     0.00000,  ]
         - [   0.25000,     0.25000,     0.25000,  ]
   atomic positions units:       alat
   volume:         270.3273199360
   volume units:       bohr^3
   number of symmetry operations:               48
   symop:
      1:
         - [    1,      0,      0,  ]
         - [    0,      1,      0,  ]
         - [    0,      0,      1,  ]
      2:
         - [    0,      1,      0,  ]
         - [    1,      0,      0,  ]
         - [   -1,     -1,     -1,  ]
      3:
         - [   -1,     -1,     -1,  ]
         - [    0,      0,      1,  ]
         - [    0,      1,      0,  ]
      4:
         - [    0,      0,      1,  ]
         - [   -1,     -1,     -1,  ]
         - [    1,      0,      0,  ]
      5:
         - [    0,     -1,      0,  ]
         - [   -1,      0,      0,  ]
         - [    0,      0,     -1,  ]
      6:
         - [   -1,      0,      0,  ]
         - [    0,     -1,      0,  ]
         - [    1,      1,      1,  ]
      7:
         - [    0,      0,     -1,  ]
         - [    1,      1,      1,  ]
         - [    0,     -1,      0,  ]
      8:
         - [    1,      1,      1,  ]
         - [    0,      0,     -1,  ]
         - [   -1,      0,      0,  ]
      9:
         - [   -1,      0,      0,  ]
         - [    0,      0,     -1,  ]
         - [    0,     -1,      0,  ]
      10:
         - [    1,      1,      1,  ]
         - [    0,     -1,      0,  ]
         - [    0,      0,     -1,  ]
      11:
         - [    0,     -1,      0,  ]
         - [    1,      1,      1,  ]
         - [   -1,      0,      0,  ]
      12:
         - [    0,      0,     -1,  ]
         - [   -1,      0,      0,  ]
         - [    1,      1,      1,  ]
      13:
         - [   -1,      0,      0,  ]
         - [    1,      1,      1,  ]
         - [    0,      0,     -1,  ]
      14:
         - [    0,      0,     -1,  ]
         - [    0,     -1,      0,  ]
         - [   -1,      0,      0,  ]
      15:
         - [    0,     -1,      0,  ]
         - [    0,      0,     -1,  ]
         - [    1,      1,      1,  ]
      16:
         - [    1,      1,      1,  ]
         - [   -1,      0,      0,  ]
         - [    0,     -1,      0,  ]
      17:
         - [   -1,     -1,     -1,  ]
         - [    0,      1,      0,  ]
         - [    1,      0,      0,  ]
      18:
         - [    0,      0,      1,  ]
         - [    1,      0,      0,  ]
         - [    0,      1,      0,  ]
      19:
         - [    1,      0,      0,  ]
         - [    0,      0,      1,  ]
         - [   -1,     -1,     -1,  ]
      20:
         - [    0,      1,      0,  ]
         - [   -1,     -1,     -1,  ]
         - [    0,      0,      1,  ]
      21:
         - [    0,      0,      1,  ]
         - [    0,      1,      0,  ]
         - [   -1,     -1,     -1,  ]
      22:
         - [   -1,     -1,     -1,  ]
         - [    1,      0,      0,  ]
         - [    0,      0,      1,  ]
      23:
         - [    0,      1,      0,  ]
         - [    0,      0,      1,  ]
         - [    1,      0,      0,  ]
      24:
         - [    1,      0,      0,  ]
         - [   -1,     -1,     -1,  ]
         - [    0,      1,      0,  ]
      25:
         - [   -1,      0,      0,  ]
         - [    0,     -1,      0,  ]
         - [    0,      0,     -1,  ]
      26:
         - [    0,     -1,      0,  ]
         - [   -1,      0,      0,  ]
         - [    1,      1,      1,  ]
      27:
         - [    1,      1,      1,  ]
         - [    0,      0,     -1,  ]
         - [    0,     -1,      0,  ]
      28:
         - [    0,      0,     -1,  ]
         - [    1,      1,      1,  ]
         - [   -1,      0,      0,  ]
      29:
         - [    0,      1,      0,  ]
         - [    1,      0,      0,  ]
         - [    0,      0,      1,  ]
      30:
         - [    1,      0,      0,  ]
         - [    0,      1,      0,  ]
         - [   -1,     -1,     -1,  ]
      31:
         - [    0,      0,      1,  ]
         - [   -1,     -1,     -1,  ]
         - [    0,      1,      0,  ]
      32:
         - [   -1,     -1,     -1,  ]
         - [    0,      0,      1,  ]
         - [    1,      0,      0,  ]
      33:
         - [    1,      0,      0,  ]
         - [    0,      0,      1,  ]
         - [    0,      1,      0,  ]
      34:
         - [   -1,     -1,     -1,  ]
         - [    0,      1,      0,  ]
         - [    0,      0,      1,  ]
      35:
         - [    0,      1,      0,  ]
         - [   -1,     -1,     -1,  ]
         - [    1,      0,      0,  ]
      36:
         - [    0,      0,      1,  ]
         - [    1,      0,      0,  ]
         - [   -1,     -1,     -1,  ]
      37:
         - [    1,      0,      0,  ]
         - [   -1,     -1,     -1,  ]
         - [    0,      0,      1,  ]
      38:
         - [    0,      0,      1,  ]
         - [    0,      1,      0,  ]
         - [    1,      0,      0,  ]
      39:
         - [    0,      1,      0,  ]
         - [    0,      0,      1,  ]
         - [   -1,     -1,     -1,  ]
      40:
         - [   -1,     -1,     -1,  ]
         - [    1,      0,      0,  ]
         - [    0,      1,      0,  ]
      41:
         - [    1,      1,      1,  ]
         - [    0,     -1,      0,  ]
         - [   -1,      0,      0,  ]
      42:
         - [    0,      0,     -1,  ]
         - [   -1,      0,      0,  ]
         - [    0,     -1,      0,  ]
      43:
         - [   -1,      0,      0,  ]
         - [    0,      0,     -1,  ]
         - [    1,      1,      1,  ]
      44:
         - [    0,     -1,      0,  ]
         - [    1,      1,      1,  ]
         - [    0,      0,     -1,  ]
      45:
         - [    0,      0,     -1,  ]
         - [    0,     -1,      0,  ]
         - [    1,      1,      1,  ]
      46:
         - [    1,      1,      1,  ]
         - [   -1,      0,      0,  ]
         - [    0,      0,     -1,  ]
      47:
         - [    0,     -1,      0,  ]
         - [    0,      0,     -1,  ]
         - [   -1,      0,      0,  ]
      48:
         - [   -1,      0,      0,  ]
         - [    1,      1,      1,  ]
         - [    0,     -1,      0,  ]
   kc dimensions:
         - [      8,        8,        8,  ]
   spinor:       False
   polar_alpha:           1.0000000000
   epsil:
   # a vector is a row
         - [     13.27028428,       -0.00000000,        0.00000000,  ]
         - [      0.00000000,       13.27028428,        0.00000000,  ]
         - [     -0.00000000,        0.00000000,       13.27028428,  ]
   qc dimensions:
         - [      8,        8,        8,  ]
   mass:
      -       25597.91154028
      -       25597.91154028
   mass units:       atomic
   zstar:
      1:
         - [   0.00000,     0.00000,    -0.00000,  ]
         - [   0.00000,     0.00000,    -0.00000,  ]
         - [   0.00000,    -0.00000,     0.00000,  ]
      2:
         - [  -0.00000,    -0.00000,     0.00000,  ]
         - [  -0.00000,    -0.00000,     0.00000,  ]
         - [  -0.00000,     0.00000,    -0.00000,  ]
   system_2d:       False
   number of Wannier functions:                8
   wannier_center:
   # a vector is a row
         - [   0.04037,     0.04037,     0.04037,  ]
         - [   0.04037,    -0.04037,    -0.04037,  ]
         - [  -0.04037,     0.04037,    -0.04037,  ]
         - [  -0.04037,    -0.04037,     0.04037,  ]
         - [   0.33432,     0.33432,     0.33432,  ]
         - [   0.33432,     0.16568,     0.16568,  ]
         - [   0.16568,     0.33432,     0.16568,  ]
         - [   0.16568,     0.16568,     0.33432,  ]
   wannier_center units: cartesian
   wannier_center_cryst:
   # a vector is a row
         - [  -0.04037,     0.12111,    -0.04037,  ]
         - [  -0.04037,    -0.04037,    -0.04037,  ]
         - [  -0.04037,    -0.04037,     0.12111,  ]
         - [   0.12111,    -0.04037,    -0.04037,  ]
         - [  -0.33432,     1.00296,    -0.33432,  ]
         - [  -0.33432,     0.66568,    -0.33432,  ]
         - [  -0.33432,     0.66568,     0.00296,  ]
         - [   0.00296,     0.66568,    -0.33432,  ]
   wannier_center_cryst units: crystal

grid:
   number of  tetrahedra selected:      11856
   number of reducible k-points:       2919
   number of irreducible k-points:         99


trans:

   temperature units: K

   chemical potential units: eV

   concentration units: cm-3

   conductivity units: 1/Ohm/m

   mobility units: cm2/V/s

   Seebeck coefficient units: mV/K

   # Electronic contribution
   # Not well tested, use with caution
   thermal conductivity units: W/m/K

   # Configuration means one line in the temper file:
   # temperature efermi concentration
   number of configurations:   5

   configuration index:

      1:

         temperature: 150.00000

         chemical potential:   6.5504824219

         concentration:  0.6305833E+16

         conductivity:

            components:
               xx:   0.95773009E+03
               xy:   0.15098091E-06
               yy:   0.95773007E+03
               xz:  -0.38577873E-07
               yz:  -0.99263000E-06
               zz:   0.95773009E+03
               yx:   0.15098091E-06
               zx:  -0.38577873E-07
               zy:  -0.99263000E-06


            tensor:
               - [    0.95773009E+03,    0.15098091E-06,   -0.38577873E-07,  ]
               - [    0.15098091E-06,    0.95773007E+03,   -0.99263000E-06,  ]
               - [   -0.38577873E-07,   -0.99263000E-06,    0.95773009E+03,  ]

         mobility:

            components:
               xx:   0.94796015E+04
               xy:   0.14944073E-05
               yy:   0.94796013E+04
               xz:  -0.38184335E-06
               yz:  -0.98250404E-05
               zz:   0.94796015E+04
               yx:   0.14944073E-05
               zx:  -0.38184335E-06
               zy:  -0.98250404E-05


            tensor:
               - [    0.94796015E+04,    0.14944073E-05,   -0.38184335E-06,  ]
               - [    0.14944073E-05,    0.94796013E+04,   -0.98250404E-05,  ]
               - [   -0.38184335E-06,   -0.98250404E-05,    0.94796015E+04,  ]

         Seebeck coefficient:

            components:
               xx:  -0.81683723E+00
               xy:   0.80985064E-10
               yy:  -0.81683723E+00
               xz:  -0.56830810E-11
               yz:   0.86218418E-10
               zz:  -0.81683723E+00
               yx:   0.80985064E-10
               zx:  -0.56830810E-11
               zy:   0.86218418E-10


            tensor:
               - [   -0.81683723E+00,    0.80985064E-10,   -0.56830810E-11,  ]
               - [    0.80985064E-10,   -0.81683723E+00,    0.86218418E-10,  ]
               - [   -0.56830810E-11,    0.86218418E-10,   -0.81683723E+00,  ]

            # Thermal conductivity: not well tested, use with caution

         thermal conductivity:

            components:
               xx:   0.57958802E-03
               xy:   0.31015992E-12
               yy:   0.57958802E-03
               xz:  -0.13316961E-12
               yz:  -0.78354497E-12
               zz:   0.57958802E-03
               yx:   0.31015992E-12
               zx:  -0.13316961E-12
               zy:  -0.78354497E-12


            tensor:
               - [    0.57958802E-03,    0.31015992E-12,   -0.13316961E-12,  ]
               - [    0.31015992E-12,    0.57958802E-03,   -0.78354497E-12,  ]
               - [   -0.13316961E-12,   -0.78354497E-12,    0.57958802E-03,  ]

      2:

         temperature: 200.00000

         chemical potential:   6.5504824219

         concentration:  0.6094423E+17

         conductivity:

            components:
               xx:   0.46733539E+04
               xy:   0.47758839E-06
               yy:   0.46733538E+04
               xz:  -0.54057350E-07
               yz:  -0.48802400E-05
               zz:   0.46733539E+04
               yx:   0.47758839E-06
               zx:  -0.54057350E-07
               zy:  -0.48802400E-05


            tensor:
               - [    0.46733539E+04,    0.47758839E-06,   -0.54057350E-07,  ]
               - [    0.47758839E-06,    0.46733538E+04,   -0.48802400E-05,  ]
               - [   -0.54057350E-07,   -0.48802400E-05,    0.46733539E+04,  ]

         mobility:

            components:
               xx:   0.47861408E+04
               xy:   0.48911454E-06
               yy:   0.47861408E+04
               xz:  -0.55361973E-07
               yz:  -0.49980199E-05
               zz:   0.47861408E+04
               yx:   0.48911454E-06
               zx:  -0.55361973E-07
               zy:  -0.49980199E-05


            tensor:
               - [    0.47861408E+04,    0.48911454E-06,   -0.55361973E-07,  ]
               - [    0.48911454E-06,    0.47861408E+04,   -0.49980199E-05,  ]
               - [   -0.55361973E-07,   -0.49980199E-05,    0.47861408E+04,  ]

         Seebeck coefficient:

            components:
               xx:  -0.63361295E+00
               xy:   0.56236020E-10
               yy:  -0.63361295E+00
               xz:   0.16516058E-12
               yz:   0.68998989E-10
               zz:  -0.63361295E+00
               yx:   0.56236020E-10
               zx:   0.16516058E-12
               zy:   0.68998989E-10


            tensor:
               - [   -0.63361295E+00,    0.56236020E-10,    0.16516058E-12,  ]
               - [    0.56236020E-10,   -0.63361295E+00,    0.68998989E-10,  ]
               - [    0.16516058E-12,    0.68998989E-10,   -0.63361295E+00,  ]

            # Thermal conductivity: not well tested, use with caution

         thermal conductivity:

            components:
               xx:   0.49556317E-02
               xy:   0.87324354E-12
               yy:   0.49556317E-02
               xz:   0.44863884E-12
               yz:  -0.66305619E-11
               zz:   0.49556317E-02
               yx:   0.87324354E-12
               zx:   0.44863884E-12
               zy:  -0.66305619E-11


            tensor:
               - [    0.49556317E-02,    0.87324354E-12,    0.44863884E-12,  ]
               - [    0.87324354E-12,    0.49556317E-02,   -0.66305619E-11,  ]
               - [    0.44863884E-12,   -0.66305619E-11,    0.49556317E-02,  ]

      3:

         temperature: 250.00000

         chemical potential:   6.5504824219

         concentration:  0.2596833E+18

         conductivity:

            components:
               xx:   0.11428349E+05
               xy:   0.66318423E-06
               yy:   0.11428349E+05
               xz:   0.12533125E-08
               yz:  -0.12254539E-04
               zz:   0.11428349E+05
               yx:   0.66318423E-06
               zx:   0.12533125E-08
               zy:  -0.12254539E-04


            tensor:
               - [    0.11428349E+05,    0.66318423E-06,    0.12533125E-08,  ]
               - [    0.66318423E-06,    0.11428349E+05,   -0.12254539E-04,  ]
               - [    0.12533125E-08,   -0.12254539E-04,    0.11428349E+05,  ]

         mobility:

            components:
               xx:   0.27468113E+04
               xy:   0.15939677E-06
               yy:   0.27468112E+04
               xz:   0.30123449E-09
               yz:  -0.29453864E-05
               zz:   0.27468113E+04
               yx:   0.15939677E-06
               zx:   0.30123449E-09
               zy:  -0.29453864E-05


            tensor:
               - [    0.27468113E+04,    0.15939677E-06,    0.30123449E-09,  ]
               - [    0.15939677E-06,    0.27468112E+04,   -0.29453864E-05,  ]
               - [    0.30123449E-09,   -0.29453864E-05,    0.27468113E+04,  ]

         Seebeck coefficient:

            components:
               xx:  -0.52721744E+00
               xy:   0.45568527E-10
               yy:  -0.52721744E+00
               xz:  -0.10123821E-11
               yz:   0.60970844E-10
               zz:  -0.52721744E+00
               yx:   0.45568527E-10
               zx:  -0.10123821E-11
               zy:   0.60970844E-10


            tensor:
               - [   -0.52721744E+00,    0.45568527E-10,   -0.10123821E-11,  ]
               - [    0.45568527E-10,   -0.52721744E+00,    0.60970844E-10,  ]
               - [   -0.10123821E-11,    0.60970844E-10,   -0.52721744E+00,  ]

            # Thermal conductivity: not well tested, use with caution

         thermal conductivity:

            components:
               xx:   0.18453169E-01
               xy:  -0.31214412E-11
               yy:   0.18453169E-01
               xz:   0.32123340E-11
               yz:  -0.29691254E-10
               zz:   0.18453169E-01
               yx:  -0.31214412E-11
               zx:   0.32123340E-11
               zy:  -0.29691254E-10


            tensor:
               - [    0.18453169E-01,   -0.31214412E-11,    0.32123340E-11,  ]
               - [   -0.31214412E-11,    0.18453169E-01,   -0.29691254E-10,  ]
               - [    0.32123340E-11,   -0.29691254E-10,    0.18453169E-01,  ]

      4:

         temperature: 300.00000

         chemical potential:   6.5504824219

         concentration:  0.7229297E+18

         conductivity:

            components:
               xx:   0.20127700E+05
               xy:   0.30223461E-06
               yy:   0.20127700E+05
               xz:   0.21683172E-06
               yz:  -0.22399057E-04
               zz:   0.20127700E+05
               yx:   0.30223461E-06
               zx:   0.21683172E-06
               zy:  -0.22399057E-04


            tensor:
               - [    0.20127700E+05,    0.30223461E-06,    0.21683172E-06,  ]
               - [    0.30223461E-06,    0.20127700E+05,   -0.22399057E-04,  ]
               - [    0.21683172E-06,   -0.22399057E-04,    0.20127700E+05,  ]

         mobility:

            components:
               xx:   0.17377508E+04
               xy:   0.26093813E-07
               yy:   0.17377508E+04
               xz:   0.18720445E-07
               yz:  -0.19338514E-05
               zz:   0.17377508E+04
               yx:   0.26093813E-07
               zx:   0.18720445E-07
               zy:  -0.19338514E-05


            tensor:
               - [    0.17377508E+04,    0.26093813E-07,    0.18720445E-07,  ]
               - [    0.26093813E-07,    0.17377508E+04,   -0.19338514E-05,  ]
               - [    0.18720445E-07,   -0.19338514E-05,    0.17377508E+04,  ]

         Seebeck coefficient:

            components:
               xx:  -0.45833382E+00
               xy:   0.42823783E-10
               yy:  -0.45833382E+00
               xz:  -0.34387489E-11
               yz:   0.60152611E-10
               zz:  -0.45833382E+00
               yx:   0.42823783E-10
               zx:  -0.34387489E-11
               zy:   0.60152611E-10


            tensor:
               - [   -0.45833382E+00,    0.42823783E-10,   -0.34387489E-11,  ]
               - [    0.42823783E-10,   -0.45833382E+00,    0.60152611E-10,  ]
               - [   -0.34387489E-11,    0.60152611E-10,   -0.45833382E+00,  ]

            # Thermal conductivity: not well tested, use with caution

         thermal conductivity:

            components:
               xx:   0.44640829E-01
               xy:  -0.19629239E-10
               yy:   0.44640829E-01
               xz:   0.94436450E-11
               yz:  -0.81392629E-10
               zz:   0.44640829E-01
               yx:  -0.19629239E-10
               zx:   0.94436450E-11
               zy:  -0.81392629E-10


            tensor:
               - [    0.44640829E-01,   -0.19629239E-10,    0.94436450E-11,  ]
               - [   -0.19629239E-10,    0.44640829E-01,   -0.81392629E-10,  ]
               - [    0.94436450E-11,   -0.81392629E-10,    0.44640829E-01,  ]

      5:

         temperature: 350.00000

         chemical potential:   6.5504824219

         concentration:  0.1564206E+19

         conductivity:

            components:
               xx:   0.29572359E+05
               xy:  -0.88255343E-06
               yy:   0.29572359E+05
               xz:   0.68076289E-06
               yz:  -0.34373845E-04
               zz:   0.29572359E+05
               yx:  -0.88255343E-06
               zx:   0.68076289E-06
               zy:  -0.34373845E-04


            tensor:
               - [    0.29572359E+05,   -0.88255343E-06,    0.68076289E-06,  ]
               - [   -0.88255343E-06,    0.29572359E+05,   -0.34373845E-04,  ]
               - [    0.68076289E-06,   -0.34373845E-04,    0.29572359E+05,  ]

         mobility:

            components:
               xx:   0.11799986E+04
               xy:  -0.35215718E-07
               yy:   0.11799986E+04
               xz:   0.27163855E-07
               yz:  -0.13715879E-05
               zz:   0.11799986E+04
               yx:  -0.35215718E-07
               zx:   0.27163855E-07
               zy:  -0.13715879E-05


            tensor:
               - [    0.11799986E+04,   -0.35215718E-07,    0.27163855E-07,  ]
               - [   -0.35215718E-07,    0.11799986E+04,   -0.13715879E-05,  ]
               - [    0.27163855E-07,   -0.13715879E-05,    0.11799986E+04,  ]

         Seebeck coefficient:

            components:
               xx:  -0.41031181E+00
               xy:   0.44059711E-10
               yy:  -0.41031181E+00
               xz:  -0.59091040E-11
               yz:   0.62359529E-10
               zz:  -0.41031181E+00
               yx:   0.44059711E-10
               zx:  -0.59091040E-11
               zy:   0.62359529E-10


            tensor:
               - [   -0.41031181E+00,    0.44059711E-10,   -0.59091040E-11,  ]
               - [    0.44059711E-10,   -0.41031181E+00,    0.62359529E-10,  ]
               - [   -0.59091040E-11,    0.62359529E-10,   -0.41031181E+00,  ]

            # Thermal conductivity: not well tested, use with caution

         thermal conductivity:

            components:
               xx:   0.83377149E-01
               xy:  -0.50316675E-10
               yy:   0.83377148E-01
               xz:   0.19497734E-10
               yz:  -0.15874426E-09
               zz:   0.83377149E-01
               yx:  -0.50316675E-10
               zx:   0.19497734E-10
               zy:  -0.15874426E-09


            tensor:
               - [    0.83377149E-01,   -0.50316675E-10,    0.19497734E-10,  ]
               - [   -0.50316675E-10,    0.83377148E-01,   -0.15874426E-09,  ]
               - [    0.19497734E-10,   -0.15874426E-09,    0.83377149E-01,  ]

timings:

   time units: s

   PERTURBO:
      cpu:        17.49979700
      wall:        4.60662293
      calls:         1
...
