---
program: perturbo

start date and time:
   date: 13 September 2023
   time: "21:37:34"

parallelization:
   type: OpenMP
   number of OpenMP threads:   4

input parameters:
   after conversion:
      band_max:                   5
      band_min:                   5
      boltz_de:           7.3498617648950546E-05
      boltz_efield:          [ 0.0000000000000000E+00,   0.0000000000000000E+00,   0.0000000000000000E+00,  ]
      boltz_emax:           4.6046883957067519E-01
      boltz_emin:           4.1636966898130490E-01
      boltz_init_dist:          
      boltz_init_e0:          -7.3491267787185654E+02
      boltz_init_smear:           1.4699723529790110E-03
      boltz_kdim:          [       160,         160,         160,  ]
      boltz_norm_dist:          False
      boltz_nstep:                   0
      boltz_qdim:          [       160,         160,         160,  ]
      calc_mode:          trans-rta
      cauchy_scale:           5.0000000745058060E-02
      debug:          False
      delta_smear:           7.3498617648950549E-04
      fklist:          
      fqlist:          
      ftemper:          gaas.temper
      full_ite:          True 
      hole:          False
      load_scatter_eph:          False
      nsamples:              100000
      output_nstep:                   1
      phfreq_cutoff:           7.3498617648950546E-05
      polar_split:          
      prefix:          gaas
      sampling:          uniform
      solver:          rk4
      time_step:           2.0670686467503085E+01
      tmp_dir:          ./
      trans_thr:           2.0000000000000000E-03
      yaml_fname:          gaas_trans-rta.yml


basic data:
   alat:          10.5000000000
   alat units:       bohr
   # a vector is a row
   lattice vectors:
         - [  -0.50000,     0.00000,     0.50000,  ]
         - [   0.00000,     0.50000,     0.50000,  ]
         - [  -0.50000,     0.50000,     0.00000,  ]
   lattice vectors units:       alat
   reciprocal lattice vectors:
   # a vector is a row
         - [  -1.00000,    -1.00000,     1.00000,  ]
         - [   1.00000,     1.00000,     1.00000,  ]
         - [  -1.00000,     1.00000,    -1.00000,  ]
   reciprocal lattice vectors units:       2pi/alat
   number of atoms in unit cell:                2
   atomic positions:
   # a vector is a row
         - [   0.00000,     0.00000,     0.00000,  ]
         - [   0.25000,     0.25000,     0.25000,  ]
   atomic positions units:       alat
   volume:         289.4062500000
   volume units:       bohr^3
   number of symmetry operations:               24
   symop:
      1:
         - [    1,      0,      0,  ]
         - [    0,      1,      0,  ]
         - [    0,      0,      1,  ]
      2:
         - [    0,      1,      0,  ]
         - [    1,      0,      0,  ]
         - [   -1,     -1,     -1,  ]
      3:
         - [   -1,     -1,     -1,  ]
         - [    0,      0,      1,  ]
         - [    0,      1,      0,  ]
      4:
         - [    0,      0,      1,  ]
         - [   -1,     -1,     -1,  ]
         - [    1,      0,      0,  ]
      5:
         - [   -1,     -1,     -1,  ]
         - [    0,      1,      0,  ]
         - [    1,      0,      0,  ]
      6:
         - [    0,      0,      1,  ]
         - [    1,      0,      0,  ]
         - [    0,      1,      0,  ]
      7:
         - [    1,      0,      0,  ]
         - [    0,      0,      1,  ]
         - [   -1,     -1,     -1,  ]
      8:
         - [    0,      1,      0,  ]
         - [   -1,     -1,     -1,  ]
         - [    0,      0,      1,  ]
      9:
         - [    0,      0,      1,  ]
         - [    0,      1,      0,  ]
         - [   -1,     -1,     -1,  ]
      10:
         - [   -1,     -1,     -1,  ]
         - [    1,      0,      0,  ]
         - [    0,      0,      1,  ]
      11:
         - [    0,      1,      0,  ]
         - [    0,      0,      1,  ]
         - [    1,      0,      0,  ]
      12:
         - [    1,      0,      0,  ]
         - [   -1,     -1,     -1,  ]
         - [    0,      1,      0,  ]
      13:
         - [    0,      1,      0,  ]
         - [    1,      0,      0,  ]
         - [    0,      0,      1,  ]
      14:
         - [    1,      0,      0,  ]
         - [    0,      1,      0,  ]
         - [   -1,     -1,     -1,  ]
      15:
         - [    0,      0,      1,  ]
         - [   -1,     -1,     -1,  ]
         - [    0,      1,      0,  ]
      16:
         - [   -1,     -1,     -1,  ]
         - [    0,      0,      1,  ]
         - [    1,      0,      0,  ]
      17:
         - [    1,      0,      0,  ]
         - [    0,      0,      1,  ]
         - [    0,      1,      0,  ]
      18:
         - [   -1,     -1,     -1,  ]
         - [    0,      1,      0,  ]
         - [    0,      0,      1,  ]
      19:
         - [    0,      1,      0,  ]
         - [   -1,     -1,     -1,  ]
         - [    1,      0,      0,  ]
      20:
         - [    0,      0,      1,  ]
         - [    1,      0,      0,  ]
         - [   -1,     -1,     -1,  ]
      21:
         - [    1,      0,      0,  ]
         - [   -1,     -1,     -1,  ]
         - [    0,      0,      1,  ]
      22:
         - [    0,      0,      1,  ]
         - [    0,      1,      0,  ]
         - [    1,      0,      0,  ]
      23:
         - [    0,      1,      0,  ]
         - [    0,      0,      1,  ]
         - [   -1,     -1,     -1,  ]
      24:
         - [   -1,     -1,     -1,  ]
         - [    1,      0,      0,  ]
         - [    0,      1,      0,  ]
   kc dimensions:
         - [      8,        8,        8,  ]
   spinor:       False
   polar_alpha:           1.0000000000
   epsil:
   # a vector is a row
         - [     12.70934246,        0.00000000,       -0.00000000,  ]
         - [     -0.00000000,       12.70934246,       -0.00000000,  ]
         - [     -0.00000000,        0.00000000,       12.70934246,  ]
   qc dimensions:
         - [      8,        8,        8,  ]
   mass:
      -       63545.89256146
      -       68287.22550903
   mass units:       atomic
   zstar:
      1:
         - [   2.03077,     0.00000,    -0.00000,  ]
         - [   0.00000,     2.03077,     0.00000,  ]
         - [   0.00000,     0.00000,     2.03077,  ]
      2:
         - [  -2.03077,    -0.00000,     0.00000,  ]
         - [  -0.00000,    -2.03077,    -0.00000,  ]
         - [  -0.00000,    -0.00000,    -2.03077,  ]
   system_2d:       False
   number of Wannier functions:                8
   wannier_center:
   # a vector is a row
         - [   0.03850,     0.03850,     0.03850,  ]
         - [   0.03850,    -0.03850,    -0.03850,  ]
         - [  -0.03850,     0.03850,    -0.03850,  ]
         - [  -0.03850,    -0.03850,     0.03850,  ]
         - [   0.31834,     0.31834,     0.31834,  ]
         - [   0.31834,     0.18166,     0.18166,  ]
         - [   0.18166,     0.31834,     0.18166,  ]
         - [   0.18166,     0.18166,     0.31834,  ]
   wannier_center units: cartesian
   wannier_center_cryst:
   # a vector is a row
         - [  -0.03850,     0.11551,    -0.03850,  ]
         - [  -0.03850,    -0.03850,    -0.03850,  ]
         - [  -0.03850,    -0.03850,     0.11551,  ]
         - [   0.11551,    -0.03850,    -0.03850,  ]
         - [  -0.31834,     0.95502,    -0.31834,  ]
         - [  -0.31834,     0.68166,    -0.31834,  ]
         - [  -0.31834,     0.68166,    -0.04498,  ]
         - [  -0.04498,     0.68166,    -0.31834,  ]
   wannier_center_cryst units: crystal

grid:
   number of  tetrahedra selected:       4224
   number of reducible k-points:        941
   number of irreducible k-points:         69


trans:

   temperature units: K

   chemical potential units: eV

   concentration units: cm-3

   conductivity units: 1/Ohm/m

   mobility units: cm2/V/s

   Seebeck coefficient units: mV/K

   # Electronic contribution
   # Not well tested, use with caution
   thermal conductivity units: W/m/K

   # Configuration means one line in the temper file:
   # temperature efermi concentration
   number of configurations:   4

   configuration index:

      1:

         temperature: 250.00000

         chemical potential:   6.0519501953

         concentration:  0.9032073E+17

         conductivity:

            components:
               xx:   0.18857066E+05
               xy:  -0.20452846E-04
               yy:   0.18857066E+05
               xz:   0.42828548E-05
               yz:  -0.19996853E-04
               zz:   0.18857066E+05
               yx:  -0.20452846E-04
               zx:   0.42828548E-05
               zy:  -0.19996853E-04


            tensor:
               - [    0.18857066E+05,   -0.20452846E-04,    0.42828548E-05,  ]
               - [   -0.20452846E-04,    0.18857066E+05,   -0.19996853E-04,  ]
               - [    0.42828548E-05,   -0.19996853E-04,    0.18857066E+05,  ]

         mobility:

            components:
               xx:   0.13030950E+05
               xy:  -0.14133695E-04
               yy:   0.13030950E+05
               xz:   0.29596157E-05
               yz:  -0.13818587E-04
               zz:   0.13030950E+05
               yx:  -0.14133695E-04
               zx:   0.29596157E-05
               zy:  -0.13818587E-04


            tensor:
               - [    0.13030950E+05,   -0.14133695E-04,    0.29596157E-05,  ]
               - [   -0.14133695E-04,    0.13030950E+05,   -0.13818587E-04,  ]
               - [    0.29596157E-05,   -0.13818587E-04,    0.13030950E+05,  ]

         Seebeck coefficient:

            components:
               xx:  -0.24213264E+00
               xy:   0.80424070E-11
               yy:  -0.24213264E+00
               xz:  -0.89432528E-11
               yz:   0.10234391E-10
               zz:  -0.24213264E+00
               yx:   0.80424070E-11
               zx:  -0.89432528E-11
               zy:   0.10234391E-10


            tensor:
               - [   -0.24213264E+00,    0.80424070E-11,   -0.89432528E-11,  ]
               - [    0.80424070E-11,   -0.24213264E+00,    0.10234391E-10,  ]
               - [   -0.89432528E-11,    0.10234391E-10,   -0.24213264E+00,  ]

            # Thermal conductivity: not well tested, use with caution

         thermal conductivity:

            components:
               xx:   0.62888433E-01
               xy:  -0.57200354E-10
               yy:   0.62888433E-01
               xz:   0.97231710E-11
               yz:  -0.61591491E-10
               zz:   0.62888433E-01
               yx:  -0.57200354E-10
               zx:   0.97231710E-11
               zy:  -0.61591491E-10


            tensor:
               - [    0.62888433E-01,   -0.57200354E-10,    0.97231710E-11,  ]
               - [   -0.57200354E-10,    0.62888433E-01,   -0.61591491E-10,  ]
               - [    0.97231710E-11,   -0.61591491E-10,    0.62888433E-01,  ]

      2:

         temperature: 300.00000

         chemical potential:   6.0402119141

         concentration:  0.9072026E+17

         conductivity:

            components:
               xx:   0.13118738E+05
               xy:  -0.13802284E-04
               yy:   0.13118738E+05
               xz:   0.30448091E-05
               yz:  -0.13591650E-04
               zz:   0.13118738E+05
               yx:  -0.13802284E-04
               zx:   0.30448091E-05
               zy:  -0.13591650E-04


            tensor:
               - [    0.13118738E+05,   -0.13802284E-04,    0.30448091E-05,  ]
               - [   -0.13802284E-04,    0.13118738E+05,   -0.13591650E-04,  ]
               - [    0.30448091E-05,   -0.13591650E-04,    0.13118738E+05,  ]

         mobility:

            components:
               xx:   0.90256229E+04
               xy:  -0.94958990E-05
               yy:   0.90256229E+04
               xz:   0.20948127E-05
               yz:  -0.93509843E-05
               zz:   0.90256229E+04
               yx:  -0.94958990E-05
               zx:   0.20948127E-05
               zy:  -0.93509843E-05


            tensor:
               - [    0.90256229E+04,   -0.94958990E-05,    0.20948127E-05,  ]
               - [   -0.94958990E-05,    0.90256229E+04,   -0.93509843E-05,  ]
               - [    0.20948127E-05,   -0.93509843E-05,    0.90256229E+04,  ]

         Seebeck coefficient:

            components:
               xx:  -0.27195538E+00
               xy:   0.16175038E-11
               yy:  -0.27195538E+00
               xz:  -0.50755851E-11
               yz:   0.64127913E-11
               zz:  -0.27195538E+00
               yx:   0.16175038E-11
               zx:  -0.50755851E-11
               zy:   0.64127913E-11


            tensor:
               - [   -0.27195538E+00,    0.16175038E-11,   -0.50755851E-11,  ]
               - [    0.16175038E-11,   -0.27195538E+00,    0.64127913E-11,  ]
               - [   -0.50755851E-11,    0.64127913E-11,   -0.27195538E+00,  ]

            # Thermal conductivity: not well tested, use with caution

         thermal conductivity:

            components:
               xx:   0.54061386E-01
               xy:  -0.48823076E-10
               yy:   0.54061386E-01
               xz:   0.91502637E-11
               yz:  -0.52766717E-10
               zz:   0.54061386E-01
               yx:  -0.48823076E-10
               zx:   0.91502637E-11
               zy:  -0.52766717E-10


            tensor:
               - [    0.54061386E-01,   -0.48823076E-10,    0.91502637E-11,  ]
               - [   -0.48823076E-10,    0.54061386E-01,   -0.52766717E-10,  ]
               - [    0.91502637E-11,   -0.52766717E-10,    0.54061386E-01,  ]

      3:

         temperature: 350.00000

         chemical potential:   6.0272998047

         concentration:  0.9076240E+17

         conductivity:

            components:
               xx:   0.98447253E+04
               xy:  -0.10070306E-04
               yy:   0.98447253E+04
               xz:   0.22788496E-05
               yz:  -0.10013602E-04
               zz:   0.98447253E+04
               yx:  -0.10070306E-04
               zx:   0.22788496E-05
               zy:  -0.10013602E-04


            tensor:
               - [    0.98447253E+04,   -0.10070306E-04,    0.22788496E-05,  ]
               - [   -0.10070306E-04,    0.98447253E+04,   -0.10013602E-04,  ]
               - [    0.22788496E-05,   -0.10013602E-04,    0.98447253E+04,  ]

         mobility:

            components:
               xx:   0.67699748E+04
               xy:  -0.69251013E-05
               yy:   0.67699748E+04
               xz:   0.15671087E-05
               yz:  -0.68861070E-05
               zz:   0.67699748E+04
               yx:  -0.69251013E-05
               zx:   0.15671087E-05
               zy:  -0.68861070E-05


            tensor:
               - [    0.67699748E+04,   -0.69251013E-05,    0.15671087E-05,  ]
               - [   -0.69251013E-05,    0.67699748E+04,   -0.68861070E-05,  ]
               - [    0.15671087E-05,   -0.68861070E-05,    0.67699748E+04,  ]

         Seebeck coefficient:

            components:
               xx:  -0.29530063E+00
               xy:  -0.16166791E-11
               yy:  -0.29530063E+00
               xz:  -0.29171462E-11
               yz:   0.46061886E-11
               zz:  -0.29530063E+00
               yx:  -0.16166791E-11
               zx:  -0.29171462E-11
               zy:   0.46061886E-11


            tensor:
               - [   -0.29530063E+00,   -0.16166791E-11,   -0.29171462E-11,  ]
               - [   -0.16166791E-11,   -0.29530063E+00,    0.46061886E-11,  ]
               - [   -0.29171462E-11,    0.46061886E-11,   -0.29530063E+00,  ]

            # Thermal conductivity: not well tested, use with caution

         thermal conductivity:

            components:
               xx:   0.44994541E-01
               xy:  -0.40852432E-10
               yy:   0.44994541E-01
               xz:   0.82866020E-11
               yz:  -0.44081874E-10
               zz:   0.44994541E-01
               yx:  -0.40852432E-10
               zx:   0.82866020E-11
               zy:  -0.44081874E-10


            tensor:
               - [    0.44994541E-01,   -0.40852432E-10,    0.82866020E-11,  ]
               - [   -0.40852432E-10,    0.44994541E-01,   -0.44081874E-10,  ]
               - [    0.82866020E-11,   -0.44081874E-10,    0.44994541E-01,  ]

      4:

         temperature: 400.00000

         chemical potential:   6.0143876953

         concentration:  0.9299553E+17

         conductivity:

            components:
               xx:   0.79407819E+04
               xy:  -0.79280442E-05
               yy:   0.79407819E+04
               xz:   0.18210941E-05
               yz:  -0.79634550E-05
               zz:   0.79407819E+04
               yx:  -0.79280442E-05
               zx:   0.18210941E-05
               zy:  -0.79634550E-05


            tensor:
               - [    0.79407819E+04,   -0.79280442E-05,    0.18210941E-05,  ]
               - [   -0.79280442E-05,    0.79407819E+04,   -0.79634550E-05,  ]
               - [    0.18210941E-05,   -0.79634550E-05,    0.79407819E+04,  ]

         mobility:

            components:
               xx:   0.53295510E+04
               xy:  -0.53210019E-05
               yy:   0.53295510E+04
               xz:   0.12222491E-05
               yz:  -0.53447683E-05
               zz:   0.53295510E+04
               yx:  -0.53210019E-05
               zx:   0.12222491E-05
               zy:  -0.53447683E-05


            tensor:
               - [    0.53295510E+04,   -0.53210019E-05,    0.12222491E-05,  ]
               - [   -0.53210019E-05,    0.53295510E+04,   -0.53447683E-05,  ]
               - [    0.12222491E-05,   -0.53447683E-05,    0.53295510E+04,  ]

         Seebeck coefficient:

            components:
               xx:  -0.31091335E+00
               xy:  -0.29838420E-11
               yy:  -0.31091335E+00
               xz:  -0.17963587E-11
               yz:   0.38519513E-11
               zz:  -0.31091335E+00
               yx:  -0.29838420E-11
               zx:  -0.17963587E-11
               zy:   0.38519513E-11


            tensor:
               - [   -0.31091335E+00,   -0.29838420E-11,   -0.17963587E-11,  ]
               - [   -0.29838420E-11,   -0.31091335E+00,    0.38519513E-11,  ]
               - [   -0.17963587E-11,    0.38519513E-11,   -0.31091335E+00,  ]

            # Thermal conductivity: not well tested, use with caution

         thermal conductivity:

            components:
               xx:   0.37553483E-01
               xy:  -0.34355876E-10
               yy:   0.37553483E-01
               xz:   0.73381524E-11
               yz:  -0.36974565E-10
               zz:   0.37553483E-01
               yx:  -0.34355876E-10
               zx:   0.73381524E-11
               zy:  -0.36974565E-10


            tensor:
               - [    0.37553483E-01,   -0.34355876E-10,    0.73381524E-11,  ]
               - [   -0.34355876E-10,    0.37553483E-01,   -0.36974565E-10,  ]
               - [    0.73381524E-11,   -0.36974565E-10,    0.37553483E-01,  ]

timings:

   time units: s

   PERTURBO:
      cpu:         1.91068300
      wall:        0.76301908
      calls:         1
...
